-128
-111
-155
56
-299
-95
-398
-55
-81
-52
-78
-92
-69
-230
-59
-230
76
-172
74
203
-65
-60
-292
-184
-111
-51
-263
-223
-362
-65
-53
-59
-54
-56
-82
-85
-59
-84
-66
75
-201
-51
-88
-51
-63
-130
-91
-154
-500
-259
-445
-397
-109
-52
-235
-60
-127
-92
-252
-142
-233
-137
95
-84
-190
-303
-295
-273
-66
-82
-99
-86
-107
-173
-350
-59
-83
-187
-149
-81
-190
-171
90
-143
-157
-96
-162
-82
-208
-65
-217
-114
-272
-62
-110
-76
-176
-103
-124
-125
-321
-68
140
123
-53
112
82
-94
-99
-211
-94
-91
-243
71
-147
-89
-60
-233
104
-103
-50
-278
-86
203
74
88
139
92
-112
-63
-57
-123
85
-50
76
-230
-446
135
63
-272
-53
109
-372
-76
54
-277
-165
-91
-85
-218
-98
-62
-52
102
-109
90
-55
-73
-249
-51
-88
-160
50
-66
-340
-51
-60
-113
74
-52
-250
-63
-256
-60
-161
-56
-83
-87
141
-252
-256
-290
114
180
-70
-514
-56
-254
117
-66
109
-176
-57
60
-243
-250
51
163
70
65
60
70
-116
-66
-261
-67
-237
55
-61
-89
60
66
107
-697
79
130
58
-69
-137
-82
74
58
62
111
-82
-186
-62
-51
-118
-50
-65
-241
-109
-53
53
-59
-245
90
-52
-79
-135
77
115
120
113
-65
-183
100
69
91
55
59
-372
121
53
-62
-244
114
-209
-51
-247
-92
60
-76
-52
-235
-495
182
-179
-229
-235
-54
-56
-69
84
-67
149
106
-157
139
-241
-67
-110
60
-114
-80
74
56
-51
-245
-208
-53
90
132
-357
-75
-97
116
-230
-195
-113
-252
-85
-244
122
-112
94
-74
-121
-74
-437
116
-66
-253
-61
-54
62
77
-52
148
-216
-260
-53
-98
-72
-292
-137
-243
102
-68
-72
135
51
-317
-52
-243
-80
59
-661
99
138
190
-80
53
51
-68
-252
97
-97
87
-307
-56
-51
100
155
56
-335
65
-226
141
-141
-50
-79
66
71
-332
58
68
-64
204
-105
83
-318
-420
-159
91
-60
-82
153
-558
-202
-50
-114
-248
56
-96
-68
56
133
85
159
-256
94
72
75
-107
-70
-176
-448
-51
-67
-97
133
-175
-178
-66
-315
51
-134
61
54
-215
-197
54
-259
-241
243
51
83
-241
-86
-232
81
53
-64
167
-125
-246
-110
-51
82
169
111
-96
-683
-347
50
-90
52
124
-74
134
-402
-396
53
-205
69
52
65
-68
-54
-70
-267
-187
-346
-64
-55
-77
-80
-75
185
-56
-90
54
67
51
89
183
-267
-121
-100
-65
-55
-107
98
-356
-144
-59
-167
-50
-320
-100
-115
-180
63
66
-100
-84
-72
-119
-412
101
-120
-118
-56
-219
-68
-129
-491
-205
-79
-89
72
-180
-237
-488
-275
-146
143
-179
-372
-50
-60
-187
302
-173
-96
-348
150
-120
110
-198
59
-60
-54
-317
-121
60
78
-63
-63
-261
-50
-250
63
119
-389
-179
64
-267
-90
69
52
-64
78
78
81
59
-262
-87
61
-73
-470
-104
-104
-54
-216
-83
-52
167
-55
154
-80
-52
-117
-220
144
-55
-223
-51
-238
-217
-81
-59
-62
67
-53
-59
-255
168
-59
195
-134
-65
208
-592
112
113
-308
-151
75
65
-143
-78
-67
-180
-450
-257
-165
60
57
168
-86
75
-509
-50
-60
-61
196
69
-259
-243
-375
58
-62
-65
-106
-206
-55
-248
-315
-245
-61
-583
128
-103
-311
-57
167
-117
-58
-80
176
-52
63
-278
66
-55
-122
92
-138
-147
63
-67
-295
-249
-92
93
-169
-355
-166
-99
-128
-53
80
116
89
-187
57
-55
80
64
74
-60
-162
109
61
122
-73
78
-254
52
101
-80
-70
-128
181
55
-131
-69
-59
78
-52
-161
107
-62
-72
-91
125
70
63
-225
-386
-119
-163
-56
-59
-170
74
94
140
67
-107
-247
85
-314
-90
-241
-118
-368
52
-57
66
-54
152
57
170
57
-89
68
-87
84
62
-52
-263
-52
-72
54
-81
-202
71
154
194
-58
57
125
-64
60
-343
181
-261
-565
-244
-75
-689
133
-115
-551
-95
-127
-62
-158
50
85
-255
-152
-243
-255
51
-67
63
58
129
-321
120
-256
-262
80
-248
-62
56
-189
97
80
-246
82
-249
114
57
198
138
108
108
75
-209
-53
78
-378
-52
-230
101
-246
-195
88
139
-62
-149
72
-58
-309
87
56
-53
54
-90
87
-252
101
-132
-57
60
-57
101
-271
-238
-100
185
161
131
-80
-343
90
-248
193
-66
93
172
-211
-113
170
-57
153
90
-171
-205
61
-296
-57
132
-152
213
154
-185
-296
104
-149
165
-327
-86
-257
-72
-62
-60
170
63
-275
-177
-264
-244
55
-144
51
-60
-156
-318
-256
-70
-57
-93
-65
-370
-259
-374
-603
-283
69
121
-181
61
52
55
-58
-190
-272
-259
176
70
207
78
-55
122
-210
74
132
-268
55
-59
180
-84
-53
-277
190
-232
-146
80
220
-51
-109
58
-250
-178
-171
-57
60
-290
-134
-290
-249
-241
59
-74
51
-165
52
-51
-119
-251
-67
-243
-104
-266
-241
58
52
-215
60
-105
-54
-86
-77
-52
50
-251
-319
-93
-87
-254
-280
-97
-50
104
60
60
72
-250
-258
164
-244
-310
72
-64
123
-247
71
-253
-292
-63
-102
-165
70
102
-414
169
-151
-135
-86
59
95
-284
-583
-176
-59
131
-345
-66
60
173
81
152
-60
57
54
70
80
-118
-124
-126
102
-162
-132
-307
-58
-128
158
-66
-85
59
136
-52
-204
-83
-267
-53
-187
113
-108
148
-155
-75
-99
-106
-167
176
55
-240
-53
-76
71
-101
-621
-50
-57
-139
-181
-462
-105
-52
-54
-96
-145
-90
-59
-152
-117
-63
-271
200
-347
-87
83
-444
69
61
-80
-106
204
-54
-62
80
72
-100
-182
54
-293
50
119
-121
-143
58
-260
-62
-67
61
-60
-101
66
-54
-62
84
-165
129
-50
-320
-60
91
-69
-122
-377
-80
-204
-74
-145
-136
-50
139
55
-95
96
-184
79
-147
69
-129
-54
57
-115
-67
-183
-82
87
84
-146
-100
66
66
-98
-53
56
-161
71
145
-106
-242
141
86
-102
-457
67
108
-125
115
-237
-66
71
61
-260
156
-320
-81
-66
-273
-259
-392
-278
51
-221
-271
-117
77
-190
199
-60
-218
148
-605
128
-186
-324
-66
-236
-82
-224
-70
113
107
-205
-108
141
52
93
-104
-156
-246
74
-59
53
102
79
-175
60
-179
-115
-183
-59
55
-234
67
-357
-82
-52
-215
-52
-52
-54
-245
91
-52
-59
-52
-113
71
98
-238
90
-58
101
50
-57
-233
-60
-121
112
-113
71
-225
62
71
-97
56
-557
188
-237
-257
-97
96
-111
-103
-280
-55
-104
50
-114
211
-195
-50
126
-227
-126
-80
-50
-241
-213
-104
105
-190
53
58
61
114
60
-248
62
58
-270
-243
78
-72
50
-182
197
-64
83
-78
-252
75
106
-250
-68
-73
-128
122
-285
-67
-87
56
59
62
-169
53
77
-640
-132
-131
-115
51
-173
172
50
-51
119
138
-53
134
-67
81
-51
194
71
62
-50
-247
-438
55
102
-51
-314
-242
-187
-69
97
54
-128
-55
-268
-147
57
-51
103
-52
80
-256
-254
-283
-308
-222
-243
-215
-247
-256
-54
-50
147
-64
-131
67
-90
-143
-200
-50
-63
-83
87
59
-50
109
-50
-60
87
-124
-308
-100
-248
-245
-129
-56
-88
-92
-122
-119
59
155
-181
-116
79
-65
99
-243
-182
-129
-88
-197
-495
-264
-271
95
64
-68
-270
112
-243
-373
-68
-220
54
-378
54
56
-89
-51
-86
67
54
-240
-69
-87
-68
-192
60
-133
65
-58
58
175
-83
-259
-252
-269
-201
-121
69
104
-272
-52
-102
116
-143
77
-258
74
-319
-58
-257
-291
73
-90
-144
-51
-242
-78
-241
56
-52
-254
106
-86
-289
-328
-60
-234
-635
-151
85
150
82
-243
104
-329
57
-50
83
-111
-63
-584
-266
-115
74
-296
-251
118
-254
-145
134
60
54
157
-51
-114
181
-121
-245
58
188
-61
126
-305
-134
108
-165
-281
-77
51
-236
62
50
-54
53
86
-127
66
55
-68
86
66
97
-61
58
147
150
-252
132
65
-62
-194
-186
68
77
50
-248
68
-140
138
-243
-64
69
56
-105
-53
136
-467
-176
-94
53
51
-93
-238
-147
123
-448
172
60
88
-257
-365
-92
-181
-165
-333
-677
-151
-68
-606
-65
-135
-176
-308
-218
-54
-53
80
-50
-53
-189
-482
-71
-225
144
-231
-73
-140
-131
-140
198
-158
-63
-95
96
211
-178
-172
-88
-269
-96
162
97
116
-275
-113
64
167
-317
135
-60
-345
60
-81
120
74
-118
-85
-60
-447
-54
-251
-53
-52
-58
-92
-267
-153
-156
-172
-69
-81
-214
90
56
-135
51
-159
64
-309
94
-71
-54
-69
63
-78
108
-87
-231
-68
-281
-56
-58
-84
51
108
-205
-56
-86
-174
55
-65
-60
91
52
-61
-125
108
-56
-101
-68
-331
-56
77
52
86
-97
-122
69
52
-60
57
-52
-105
152
-186
-51
-98
-53
-197
-551
-54
-116
-62
-90
138
-52
55
-133
62
-72
-196
-223
52
61
-135
66
-160
-188
-333
120
-430
-58
96
-190
212
-91
61
108
-84
157
105
54
85
-52
-92
70
-68
52
-123
-126
-114
71
-225
-56
-69
-124
75
-56
71
-235
55
-104
123
-105
186
-65
-54
-236
-56
97
-60
57
-54
-50
65
54
-170
-187
127
68
173
52
90
-69
168
68
-51
-53
-223
-642
-133
113
100
-51
-61
-244
204
58
-50
89
-142
116
81
112
-252
81
59
-177
-331
137
-255
114
-578
64
-258
-65
-139
142
61
-265
-121
-283
92
53
182
-112
89
-181
59
80
-154
58
-239
-119
-52
-67
-62
87
112
65
-74
79
103
151
79
-57
-104
-242
145
-56
-107
-51
-60
64
-95
-324
-57
80
-243
77
-570
50
-61
-190
-235
-55
118
-50
-244
-64
78
-124
119
-130
-180
-85
122
-61
-62
-280
52
-63
79
-185
-53
-87
-287
-141
121
-247
-54
-64
-54
51
-248
101
-262
-246
-248
-259
58
73
-147
-59
60
82
146
-61
102
-215
-274
-150
70
-55
68
-72
-56
148
60
-84
133
-60
-289
161
103
-128
-229
-141
-90
-114
-86
-86
-62
-82
88
81
51
-257
-64
100
-142
-347
-195
-244
91
92
97
-62
83
-321
73
-132
-395
80
-252
-76
65
-175
88
56
104
-52
133
52
51
-87
-249
-70
133
-305
-380
-96
85
56
-60
64
-248
60
140
54
71
-240
-54
109
-51
-59
91
57
-88
-300
-205
-240
-242
152
-242
-235
-255
75
-60
-145
-60
166
-140
-255
-242
-54
-67
269
-58
-344
66
-121
-344
-85
-53
169
148
-228
-159
-88
-60
-88
57
-86
61
131
-371
98
99
52
-114
-245
-290
-257
-74
-241
99
-250
-79
123
60
-244
154
70
-294
-50
56
51
-240
-65
53
-60
-584
-121
50
-287
-287
-64
54
-78
-56
92
-599
50
89
-265
-62
-86
-61
90
120
162
-59
91
-304
100
109
-207
-466
-263
119
85
-53
-328
61
-53
-368
-64
-335
-50
-331
59
75
-64
149
-116
-374
-171
81
-673
-341
-56
-60
-116
66
95
113
-162
-134
-109
-90
96
51
-52
-102
-54
-333
63
-343
56
104
-56
100
-108
123
-117
66
-257
109
-337
-199
70
58
-195
-64
-159
59
-50
73
82
-109
106
-114
-142
-209
-388
55
-185
-194
-222
-55
55
70
-76
-488
-247
-124
51
-50
71
54
-344
139
-314
90
54
-245
-76
-58
127
-195
-255
-256
-243
-242
64
64
51
125
-80
-250
-58
-53
-243
-176
70
-108
-255
-323
-255
96
-82
140
95
-62
-72
-234
-163
81
-83
84
-50
-368
338
-221
-98
170
-79
60
-192
-50
121
66
-55
73
-290
125
-167
-146
-51
73
52
-58
51
-126
54
73
59
-267
-86
193
-256
-55
144
-284
-257
-197
-243
-244
111
52
101
-56
101
79
-72
54
-115
78
-247
-85
-92
103
-250
-239
194
-67
-132
63
-124
122
-92
-245
-53
-317
78
87
-93
108
-123
-136
-277
-58
105
-51
77
-79
173
-79
51
-237
61
-50
-56
-50
-241
50
-115
119
-215
-76
-66
126
-93
-60
-243
90
-52
136
-251
51
95
-275
-264
-77
-250
60
-56
150
-196
-286
-423
82
-420
-50
-97
76
-372
52
61
178
-73
-139
-50
-258
-68
55
100
-254
77
167
-245
94
-143
54
102
-321
-71
290
-50
-152
-50
-408
-112
-559
-84
140
102
67
69
-136
-115
-413
-52
-331
-138
121
-149
52
86
-55
62
208
55
-51
87
-168
-92
-67
-66
-68
51
117
84
-639
74
-52
-314
-292
60
-52
-94
125
-100
-63
108
-140
100
-532
-73
64
-67
53
-75
-474
269
-140
-540
97
-163
-237
85
113
-193
-62
51
93
-167
-55
-94
140
74
-231
-75
-54
-75
-152
60
-500
-142
-75
-137
-140
60
-232
-187
130
-230
-51
-229
-383
-122
-170
-187
-75
-315
-52
-55
-66
76
-101
-91
-128
139
76
-106
-172
-110
-235
-72
-236
93
-157
-219
-149
-405
-146
-511
-197
-202
70
70
-51
-63
-123
59
-140
-59
-64
-144
-67
-70
-68
-69
-102
-166
-183
-116
-63
-220
61
55
-582
94
-69
-126
81
-155
-329
-114
-63
55
-300
-265
81
103
100
86
64
235
-240
80
-129
-96
-102
-230
-183
-419
-52
-241
69
-66
77
74
75
-121
-121
-56
61
112
-507
-176
105
-196
53
57
-54
130
152
91
-294
-92
69
203
-88
60
-458
-67
-250
129
64
-91
-656
50
108
-487
114
-600
-122
-94
-105
-72
-590
78
-189
80
118
-274
-152
-89
112
-325
-122
198
58
81
92
-50
-182
-554
85
-246
-52
-238
-56
55
-66
-54
-101
-146
-110
125
-106
-385
-52
140
130
63
-84
-215
-693
-585
85
94
53
57
100
-233
-258
-133
-89
-59
94
-207
-104
89
-366
-254
-50
-246
182
-199
-53
-65
-52
-102
-167
50
-104
71
121
-313
-392
89
61
94
-265
-210
-149
186
59
-146
-151
-96
-69
-201
103
-98
-59
169
-72
116
-63
52
-257
-84
56
-53
125
-89
-126
124
-400
93
-109
-196
175
-71
-105
-321
52
-176
-50
-250
-267
-165
-340
78
-52
-246
-362
-192
-189
324
-431
-108
-250
194
58
-242
-338
175
-54
-57
-198
85
89
64
162
-100
-155
-86
-131
-84
-51
62
-162
93
60
-248
96
121
-282
112
57
-54
118
-320
-71
106
81
108
115
116
52
-63
188
-88
104
-234
68
-102
198
-499
-99
-243
-527
-76
-120
-208
50
62
58
53
162
-211
86
-321
57
54
57
125
-54
58
-110
-107
75
-58
-145
94
55
-247
132
-58
89
-169
-160
-246
70
-127
61
-60
-99
-71
-430
-121
79
-243
-84
-61
77
-111
97
52
-114
-78
132
74
-247
53
-262
-170
64
51
-413
-549
-147
-92
-52
50
102
-80
-326
-146
-155
-189
-257
-329
61
98
-451
-213
-59
79
-876
-624
-105
-85
-224
-94
-138
54
121
-248
-88
-118
-247
-76
193
-242
-249
-494
168
-255
177
-243
-75
-392
146
-272
-484
-57
83
-170
-76
-377
110
53
-102
-250
59
275
-132
-75
93
101
-391
-157
88
-315
-62
-93
61
-256
-360
164
94
-55
163
68
52
94
-807
-55
103
-248
-130
79
76
-53
-57
-317
-106
73
-249
-61
-80
-89
-61
-116
-84
-60
96
78
-85
-65
-198
-364
132
161
-72
133
-138
52
-323
-50
90
61
-67
53
-74
-166
-558
-50
-119
56
-76
51
77
-114
-77
-70
54
-148
-107
-89
-60
-98
-178
133
-174
-76
-56
-78
204
-105
121
-68
-191
-63
61
55
-210
-71
-133
-96
-246
-84
71
-56
-53
-90
-379
77
-105
-64
-100
-359
96
76
-106
50
-67
-401
-108
117
-54
-202
-274
-66
-90
-54
-55
-52
54
76
-119
-63
-265
-54
-246
-197
-79
-197
-191
141
-224
-94
-194
-247
-55
-456
-322
-445
-140
-413
-141
-100
170
90
-214
-252
-101
-50
-288
-99
-59
-98
-188
-484
-148
-246
-76
-89
-73
-383
-66
-448
-67
110
-120
-64
66
-125
77
-193
-95
-204
150
100
-150
-136
63
144
-72
-55
-130
-71
-161
-69
59
-165
-98
-143
-138
-140
56
-236
92
-332
-83
-58
56
-88
-229
-195
50
-132
-152
148
110
52
56
-75
-84
50
-165
224
-154
-96
-76
-115
-267
-61
-365
61
139
-73
-54
-68
57
58
-198
-73
136
80
63
-101
104
-102
-124
-396
-132
58
-106
-62
-109
104
65
56
-77
-158
65
84
-245
-81
-86
-51
-62
-285
-342
206
106
-87
-197
115
58
79
-139
84
194
-56
-96
66
-93
85
-58
-64
-251
95
-308
-257
56
-174
-128
-53
-64
-191
-233
84
52
-310
80
135
-495
-54
-114
-57
170
-84
-59
-51
-58
-108
136
-91
-51
101
-301
64
-215
177
-193
-123
-313
-50
-71
111
91
60
52
-525
184
-245
71
-287
156
-647
90
-106
-76
-53
-243
136
70
52
70
-79
-54
-57
-197
-54
-256
-243
-58
-258
-73
60
-52
-249
-60
68
-55
-248
63
182
-89
144
-133
-76
-209
99
-103
107
-69
-63
-72
-372
-152
-246
71
82
-195
89
-332
-91
91
106
73
77
-371
-82
-62
77
-60
111
139
92
52
-126
123
-522
54
82
-52
-571
79
-51
54
98
-203
-186
82
-135
144
-240
185
-98
-92
-74
118
50
-364
-244
-307
-240
60
-75
-68
58
-152
66
208
58
67
-253
-242
-50
64
-67
-57
89
-249
-56
-260
-218
-275
-103
-103
-56
153
-127
-256
58
-241
-67
-51
181
-256
-222
-101
-142
-245
-218
-54
-130
-374
107
-244
88
72
80
-185
-247
-177
-284
132
94
61
67
62
67
-256
-258
57
-66
96
101
-134
56
-55
119
-160
-162
-142
52
69
82
56
77
-557
120
-58
140
-50
-63
76
-158
-500
-144
-76
59
-54
-203
-84
-238
60
-51
81
-103
-379
57
71
79
120
-176
63
-140
-106
-216
-138
-227
-59
-213
-250
358
72
132
-176
-482
64
101
-100
-57
-391
77
-296
50
-51
126
78
118
81
-239
-86
125
-133
-98
-81
-432
-317
-238
-244
-65
-156
-59
-119
-50
61
-56
-153
-243
-94
102
176
63
-289
78
110
56
56
-240
-148
56
-452
72
60
102
-65
-239
83
-56
-198
-257
-62
93
-50
-289
-169
-96
-380
-381
-66
133
136
53
-392
62
-170
123
228
66
-115
-362
84
-126
-111
-62
-294
54
84
92
-88
-141
-533
-462
-59
-152
72
-89
-88
61
-59
-97
-66
51
-60
-89
-94
-75
84
51
-192
121
-54
-56
-80
-121
69
-106
-109
-55
-109
-87
-62
-60
-254
-76
-233
116
-60
91
-202
59
-74
-110
50
99
123
-310
-100
-493
62
-175
-158
55
58
52
-462
-189
-68
52
-55
92
-71
96
-77
65
-120
-129
89
-375
-117
-145
-105
94
-83
-58
-260
-166
150
82
-313
-51
120
102
55
68
189
70
-54
88
-76
-55
-57
-72
-81
56
-82
-135
-107
59
-107
52
-386
-242
145
88
58
110
-452
-241
-55
-112
-114
-116
-70
54
78
60
187
-172
-249
-296
-170
-314
84
-381
-250
79
64
-65
-263
-267
-56
-257
-144
-58
63
-391
95
-123
73
-335
-52
-161
68
-245
-50
136
-188
-118
118
-244
-82
-205
109
169
116
87
-116
-502
51
-286
116
-206
175
-50
-155
-249
149
-75
93
-64
-374
-70
-116
-83
105
51
51
59
-97
-81
-67
106
-54
56
-146
-405
-52
-56
95
56
-248
-90
-81
68
105
55
-82
51
148
-253
-182
-369
-305
-76
50
123
-68
70
-333
102
-195
-259
52
68
100
202
125
-245
172
-107
51
83
65
-243
52
-51
-141
-64
-51
-85
64
-143
-65
-79
120
94
-76
64
-83
-256
75
87
-64
-246
-58
-77
-66
-51
209
-238
156
76
-172
68
63
50
-263
-152
-64
-130
-244
-57
81
64
87
123
-81
-173
-101
-52
-84
-158
57
-101
68
98
124
-259
-322
-59
-53
53
-244
-248
68
-88
58
70
-201
76
-500
-189
130
65
-321
111
118
-247
52
194
-127
68
-245
-95
-60
-108
-152
-58
-108
63
-50
85
60
-53
-60
130
-247
-51
-190
-288
-257
82
70
61
-127
-72
-221
105
115
68
52
-78
-371
-317
59
-132
-246
-82
80
-469
52
-309
54
123
-75
62
-67
-60
-241
-101
-198
86
-312
55
93
69
103
-251
-248
94
-247
-103
-524
-219
-324
-57
-75
-79
-266
-69
-129
-257
53
-51
-50
-434
97
-315
68
100
-281
92
-110
-92
-273
-192
-171
63
88
-327
92
66
86
55
57
-295
61
50
50
-551
55
-111
-51
136
-75
-293
81
176
-245
-66
-236
175
-270
-113
-72
-71
-245
143
76
-145
64
-286
218
-352
92
-175
71
66
-98
137
76
-50
-109
200
51
-67
113
125
-239
-55
-380
105
-56
54
59
-179
-57
90
-360
-200
108
120
-162
-56
-206
-402
-97
-60
-83
107
75
-201
-241
-315
-61
-74
-54
50
-133
51
-58
-320
-248
-65
136
-54
-90
67
-114
-51
-137
-66
69
-124
-106
-249
72
-69
-74
155
-168
178
67
52
-96
101
70
-83
120
-319
-277
-56
64
123
-101
92
-150
-206
-166
-211
-256
62
117
53
73
-246
-143
-53
-177
-242
149
-119
-321
-73
-80
-322
87
131
-62
-51
50
109
-242
-88
-144
89
-84
-51
-67
73
-58
56
-50
-239
-69
-174
-320
74
-183
-236
95
-50
-144
-162
-195
-158
-64
77
86
99
71
60
-104
-256
-189
-324
-289
-53
-152
85
-50
-309
119
-70
-246
97
-52
55
100
-246
-146
113
60
-240
139
-462
-78
-70
62
104
-126
63
-56
-117
91
52
52
-324
-147
116
-291
-70
-82
-103
-200
-63
94
-115
193
-231
95
190
75
-50
-320
-98
103
-131
-50
-242
-248
-76
138
70
-206
66
-93
-57
-100
73
-242
72
-88
53
-74
-405
-301
-52
53
-241
-621
131
-53
-254
-61
-133
50
109
67
-260
-293
-79
59
-60
-747
180
75
-219
-115
76
57
-291
80
53
-251
-59
-150
63
-133
53
-258
149
55
74
103
99
-162
-160
-54
-148
-252
-59
139
89
-80
-60
-170
51
-208
51
-62
-240
-56
-78
-96
-58
-241
-54
52
-54
-56
85
95
52
54
121
112
-166
70
-112
137
-50
73
-54
-58
87
58
-265
-115
-91
-60
70
-260
62
117
-406
-286
-394
-74
59
-96
-76
-178
-107
-200
52
66
-433
-56
98
-236
86
184
-169
-84
-245
-312
-62
-90
52
-90
-153
-468
-75
-178
51
96
62
-56
-134
226
-82
79
63
-66
53
-50
-245
-59
82
-55
-54
100
-108
-96
60
-70
88
97
-351
114
-217
90
-387
129
136
-159
-116
58
80
81
80
60
-311
54
74
-76
-117
-66
60
81
-54
91
-55
-173
66
126
-117
-166
-98
63
-70
-87
-66
139
-175
-112
-104
51
107
-126
-68
-62
-222
56
-52
-123
121
-130
-141
-178
-77
92
-292
-334
187
-158
-50
110
-88
-238
-83
-56
63
-63
-612
-127
-180
197
-114
-338
144
56
58
-215
-242
-125
71
54
-115
-75
-342
-58
136
-595
92
68
-66
-55
126
209
-69
-230
-303
-165
-534
-69
-332
-65
-99
-81
-414
-92
-89
-90
-300
-69
128
80
-335
-417
-390
-136
-91
-78
-56
-297
-129
-259
-75
-120
-103
-295
59
55
79
-100
74
62
-127
-271
-155
198
59
-50
109
151
53
-156
-92
114
140
-294
140
107
-51
-137
-59
-69
-97
-55
169
-557
-364
200
77
-55
-56
-245
69
-108
-296
112
144
-50
-266
-251
113
-288
58
-80
-52
-64
-289
152
-61
-197
-245
-85
66
104
63
145
-57
-58
-123
172
108
99
-104
-242
129
-75
82
-52
66
-245
77
144
-347
183
-455
-235
81
-141
59
-77
-55
-192
51
52
-156
110
159
73
54
-69
-261
-158
75
-321
-301
-236
61
-226
-120
54
-51
-67
-191
115
99
-293
-453
-116
-241
74
-166
-252
-244
-170
-244
84
118
61
-201
66
129
-125
-62
-245
-80
-86
68
-194
-316
-94
-313
-182
79
112
-85
-256
-308
-182
-54
-111
-195
-227
-143
173
-146
91
-177
166
57
57
144
-132
190
-110
-274
-113
109
-241
84
80
-73
59
-248
-410
-60
-62
54
-215
-503
-261
-159
-83
129
-61
97
-56
-56
-61
-51
-71
181
50
-232
98
-331
90
-58
-50
113
-188
-284
158
-242
-120
-85
-54
-322
134
-217
56
67
-53
-113
-335
170
92
89
82
-387
85
175
102
-184
-241
89
-96
67
166
109
50
-241
-62
-595
-495
60
-123
-249
-58
126
-245
-261
56
-445
84
54
-339
-59
-250
-55
-231
183
130
-53
-254
-368
-54
172
54
-77
-282
102
-57
110
50
-70
-75
-256
-240
55
-270
115
-96
-255
186
-53
-247
-68
-113
-400
-425
-187
-321
103
-237
56
100
-101
-369
52
-79
-242
-51
152
86
78
56
110
80
-231
68
-137
51
62
-128
-136
-171
-249
100
-194
-121
-99
78
62
99
123
-58
169
67
61
64
-83
-335
-55
-319
-180
66
-492
-178
93
-307
166
-114
-225
-141
161
83
180
-354
-283
190
-239
-246
113
-177
-143
176
112
-258
-63
-52
-52
-62
-70
-311
-250
72
168
115
-201
-69
-218
148
-152
-51
81
111
-396
98
-248
163
-141
-86
89
143
-194
63
-69
-238
-257
140
108
58
-99
-61
74
-255
-153
66
-50
-189
51
-594
-95
180
62
51
64
-235
99
-248
-213
148
-62
-50
91
-348
104
-182
113
-85
-366
88
68
-111
-288
-130
-60
-52
-286
-346
-239
95
-124
-50
-56
198
-266
-88
50
-121
50
-262
-75
-114
104
-104
165
77
58
-241
54
-58
-121
-122
-293
-225
-122
-170
125
-160
-298
-167
-351
90
-63
-110
-90
70
-241
85
56
-59
-92
-155
-368
-358
176
-142
66
-387
-77
-54
-113
56
-208
-256
-283
216
-108
-98
-132
50
-143
54
-102
-127
-242
-179
-203
-100
-107
129
-73
-75
-62
-233
-143
-52
69
-86
94
-54
94
62
133
-121
-287
-56
-240
-59
-187
-75
-101
-80
-180
-60
-258
-244
-111
61
-262
-302
182
-241
-163
53
86
-104
165
-126
85
-83
53
-51
-232
-54
-187
-67
-149
59
-78
-239
-55
-209
59
-71
103
-311
83
-126
113
-128
-67
-52
57
61
-57
-54
-57
-70
-99
-257
-250
105
-88
-253
-200
-67
120
-71
55
126
-229
-145
-131
70
-590
-240
120
-116
109
-203
-256
-91
179
-89
54
-80
57
-213
107
-51
-51
-60
-240
-241
-218
-256
171
-235
-246
66
63
-57
-55
-93
-303
-248
-137
-344
-120
-50
150
-220
-175
55
-92
-51
-70
-64
51
-246
90
60
-159
-247
78
78
121
122
-64
-152
-72
-301
53
90
102
-92
72
54
52
52
-668
-59
117
-81
-327
-90
-243
-256
-246
-147
68
50
-114
133
-147
96
-252
-88
50
186
97
63
-58
-51
174
-313
116
-406
-128
114
-72
87
-252
-515
72
-53
-56
-198
-812
-87
183
97
104
-243
-55
-83
-92
58
-257
106
-245
50
-94
72
-142
84
-161
-233
114
-99
-239
-54
-264
60
-66
-146
-255
-84
-295
73
187
68
159
126
-145
-51
59
-117
66
-222
57
-91
-97
80
-54
-217
51
-250
-249
-64
143
84
67
-149
69
-52
169
-55
-50
149
166
-54
-54
-64
153
-116
53
66
-250
-100
-246
-240
-56
57
50
77
58
-257
-320
-103
173
-81
96
186
116
70
-260
-289
-100
-125
57
160
-198
208
-75
-256
-249
-111
-254
-61
58
-131
-251
53
-143
-454
74
134
52
-249
59
-100
-60
75
60
61
-70
-267
-275
-119
86
-321
-184
-209
181
50
60
127
-242
-156
58
63
-193
-58
152
97
-90
-50
107
-276
-66
-737
-104
-307
60
187
-70
-144
158
-267
-106
-70
-179
-216
-143
-270
-119
-175
90
67
-85
-409
-51
104
77
108
50
72
91
132
-68
71
-69
61
52
-392
118
78
50
154
-84
-213
-68
-68
64
-137
-276
-74
-126
-51
61
-130
-289
-182
88
-508
77
-247
53
-60
-248
-108
-92
-58
92
78
58
71
52
-50
54
-52
-113
-184
-112
-84
-88
-246
-97
156
147
75
-246
-74
65
72
111
-50
-319
55
51
-157
-52
107
-298
-250
-51
-121
132
-165
-133
-338
98
88
-63
-170
94
90
-53
-384
-265
72
205
369
-66
51
120
-72
84
-174
-100
99
-53
-133
-50
65
-318
-224
-98
-95
106
55
-160
-88
-100
117
79
111
-96
-396
-93
-352
-155
-68
-196
-105
52
-70
-108
-190
-116
-238
-54
-232
-97
-52
-54
-96
-194
-50
85
-119
75
-55
65
-118
-198
-66
-208
98
-76
-97
-52
-394
60
-66
229
-53
-63
136
97
237
-70
-244
-396
64
-280
-72
-178
-77
-93
-50
-234
-82
-197
197
-130
54
-197
-196
137
-193
-54
57
105
-136
50
-59
-142
88
-151
-149
-128
-92
-60
-106
-260
88
-272
284
-63
92
-69
-105
-60
-112
-55
-56
-60
-56
105
-155
88
-465
-50
-508
-164
-116
69
-315
-88
-250
64
64
107
-66
-279
-143
-250
-89
-56
-90
-324
-152
118
128
69
64
-517
-81
120
-594
210
-56
-150
-52
106
-366
-238
52
136
-110
-60
-262
-85
-244
-226
-106
56
-189
-58
94
-70
-57
57
-86
-91
-66
-182
81
101
77
112
-198
-113
-70
77
147
280
147
293
53
118
-147
-354
-185
-423
89
-205
61
-264
170
88
-167
77
71
-77
65
108
-306
-54
-196
-56
67
74
-56
70
-58
-119
-69
86
80
144
56
145
70
-393
125
122
192
-273
-133
53
-262
-50
110
-50
59
-266
119
-58
-324
-444
163
149
-50
79
-240
-350
-140
-442
-63
65
-131
-243
117
-225
195
180
-62
-345
158
-80
164
-92
82
-50
-412
127
114
193
-62
-145
-96
86
-194
54
-160
-239
-52
-103
54
146
149
56
-76
53
73
68
95
-245
-82
-152
141
-312
-253
78
-260
99
-112
-244
156
-265
-243
-329
-330
52
126
-276
-59
57
-51
139
100
-102
179
-77
-204
97
-241
86
-53
-94
-91
-106
138
-70
-60
-159
-245
82
76
-216
194
178
63
-123
64
-142
-54
61
-61
77
-257
-73
116
-62
74
-246
-319
107
180
-178
-103
-175
-328
-64
-242
-69
-78
77
57
-59
-53
-243
-110
94
-212
63
-98
53
-239
-51
-52
88
70
-565
59
56
-555
51
-55
-51
-68
-191
61
147
-55
176
62
72
117
189
55
-50
55
-51
-63
-249
51
-221
109
-58
57
154
84
111
87
51
72
-139
-66
122
-87
-176
-72
-250
-166
151
-280
-183
50
120
-241
-498
-199
-285
-231
-66
-154
69
-74
-50
50
63
-242
-241
-53
67
85
147
-135
59
99
-57
50
-63
80
-60
64
171
-70
206
-64
127
-177
146
75
55
-107
-64
69
-142
-140
-239
-267
-174
-257
-56
-251
-397
-135
-680
-136
-138
-292
62
181
55
-373
-91
82
54
92
-93
-242
-201
-96
-52
-193
68
-452
-51
120
-221
-59
-110
50
-137
-667
133
85
112
164
102
143
89
-591
-131
-282
-86
-222
-280
106
-240
111
-176
-96
150
-179
109
108
68
52
-95
-73
177
-276
107
130
82
-140
93
57
-225
58
75
-60
57
-235
-517
69
-344
75
-324
60
-50
105
-60
-66
68
165
51
53
-242
-91
-122
-60
-120
-388
-52
64
110
-68
-381
-244
-90
138
68
-128
161
-441
-103
-57
-296
-283
-424
-90
-81
-95
66
-413
60
-113
-65
-165
-111
150
70
-208
-164
-63
-130
-95
87
-263
-55
-64
-55
115
-367
-202
-51
-180
-190
-91
-169
-80
-142
-197
-158
-60
-209
-181
-119
-90
-284
50
-59
-294
-63
-202
-234
-59
-121
-76
-94
-510
-425
-122
74
-65
135
70
-88
-56
-62
50
80
-99
-214
-106
-455
-255
-71
-190
-57
-184
-197
-60
100
-114
-60
-101
-142
-61
-171
-149
81
52
-50
60
-164
-137
-56
-117
-90
-143
-164
-169
74
53
-135
-123
-333
-217
-111
-101
-110
-88
-72
-277
99
58
82
52
-253
-52
81
-52
-69
96
-132
118
-209
-112
-79
77
-58
72
-53
-100
-100
-54
128
-60
94
-50
-257
50
-52
-61
132
75
-256
-379
-102
-130
-108
-258
79
-71
-65
61
-302
150
-79
-58
-79
-77
71
-86
-166
89
-68
-166
-134
-203
-138
63
85
-57
176
-244
182
-221
169
-288
67
-199
-60
75
59
-102
-257
67
55
-82
141
-251
71
-276
-79
-280
-94
53
61
-52
-313
-108
65
-52
181
-489
-138
66
132
-246
-52
-52
-203
-56
98
56
-589
57
94
61
-64
126
62
159
-387
-53
176
57
85
-56
83
-71
169
52
-184
-372
-274
68
-462
-367
-316
72
57
-102
-87
-75
79
65
122
-122
-698
-50
-99
-360
89
-164
70
-260
-54
-229
-248
-422
73
174
-271
-319
-240
156
-234
-122
168
-611
58
-61
85
63
-132
52
147
-50
173
-110
-75
-76
-54
-52
-244
75
-159
78
-217
-171
109
-529
57
-59
-273
56
76
-103
50
82
-51
-284
-105
-219
69
100
77
-251
-245
-71
-101
-256
160
75
61
-266
-568
64
98
-63
-238
-80
125
-170
-61
58
51
137
-120
76
-378
-302
-505
-192
51
-80
79
-233
-79
-105
-67
90
-57
-261
87
-95
109
-59
90
-257
-240
84
146
-179
-89
-231
-79
-300
-403
-166
82
143
61
-116
-261
-84
182
98
-54
63
-69
-63
128
133
-181
51
-253
-60
135
68
-134
130
189
-307
59
-76
-50
-233
-123
-208
-60
-58
89
-242
-187
60
148
-96
57
50
-254
-254
-66
111
-173
118
107
87
94
161
-256
75
142
-174
-307
-292
52
-110
-61
-109
-77
98
-190
-85
-58
-329
190
125
119
-211
-240
63
-244
-74
-79
84
-106
-227
-54
-244
-66
64
105
-239
154
-130
-129
113
-241
-56
-114
179
-240
133
-247
-56
-198
186
-158
153
-375
108
-122
-54
-248
-244
-52
-267
99
-207
92
108
175
68
-55
-79
-459
67
-130
79
123
158
-62
-179
-122
-52
78
-74
77
-383
127
-158
-248
-162
181
-70
207
54
53
-249
80
-110
66
51
-252
-257
-267
-82
-218
-249
62
-85
73
115
60
-256
-81
61
-65
-75
-69
141
82
-184
-63
192
-310
-77
-248
-324
-73
-244
-309
-61
56
119
51
185
-246
94
166
-248
154
56
54
55
-106
-89
184
-59
-185
89
-235
-110
-197
81
77
-80
-57
-635
68
50
68
76
146
55
107
165
54
118
-253
62
-83
-157
-427
-59
66
-97
63
-89
-62
-264
-54
-127
92
200
120
-69
-96
-58
-50
53
105
128
-71
-88
-261
-51
-101
-129
-154
-60
67
65
-231
80
118
82
53
-320
-66
-61
70
70
-478
-65
201
71
-60
-162
107
103
-52
-256
-632
-320
-424
-207
-155
-316
-243
55
80
-271
-183
109
-241
-75
123
-144
-66
-84
139
96
68
-98
-100
-76
-68
101
-324
52
-52
-240
54
-93
237
-66
-160
-68
-60
50
-87
-262
-536
-73
122
-71
-82
-116
95
91
119
52
-56
83
-90
-297
-57
-67
-70
-256
-271
-313
139
-133
56
-235
-66
-129
-70
-160
-59
-68
-157
50
52
-204
-169
-183
-157
-79
-95
120
-51
84
76
-82
-52
56
-113
-222
-54
-127
100
187
-90
-137
117
181
-159
-94
89
-247
-162
-827
-134
-197
-84
55
-82
-52
-152
-53
-54
-248
-84
-264
59
51
164
-69
-455
92
-184
-53
-62
-178
-247
-204
-178
-222
51
63
-97
106
51
-64
-253
-99
-320
-117
-88
-75
75
-117
-188
-170
-64
55
86
50
59
57
-51
69
-135
109
-423
-382
-101
-54
-59
-96
-474
-165
-57
-60
73
-489
-435
-230
-145
-51
-278
-180
53
118
-262
121
187
67
-250
71
-219
-227
70
75
61
122
112
60
61
52
-214
101
-272
61
-256
-57
-192
51
-238
181
-399
77
-174
-69
96
66
-154
68
103
94
-65
-247
123
76
-55
51
-52
-245
-68
60
-240
-79
51
-117
-245
-249
-56
-56
82
95
56
-273
-259
-121
97
-56
68
65
-316
-301
63
-57
-227
107
169
-84
-187
-244
-55
61
121
-156
107
-245
182
-58
96
-292
55
-51
-288
-110
58
-78
-54
-92
-81
86
60
-243
75
-70
-65
-311
123
-55
76
-244
-245
-211
-51
-232
-107
67
-312
63
-78
-55
117
-254
-56
68
-78
-293
-180
118
194
-81
55
152
56
-354
63
-117
57
-194
80
63
124
184
-294
196
-96
-56
-145
-80
-105
64
69
50
-50
153
66
-55
-246
-54
-306
-244
-181
89
83
-201
-243
-244
94
81
-242
67
-304
153
153
-314
61
59
139
-78
166
-67
-54
74
131
-50
-52
81
139
-252
-239
110
-507
335
183
-69
94
-257
-50
-64
-117
65
86
-249
-100
-137
-117
-57
58
-223
-287
-56
133
62
-264
-54
-107
-60
-88
-244
78
-208
93
60
134
-145
-242
59
73
98
-216
72
-80
-342
-50
-101
-331
-253
-56
-52
-317
114
-64
74
-320
-62
-142
-51
-74
-245
77
-352
-56
70
78
58
100
52
55
-151
-63
-92
-232
145
-253
63
-378
-301
-119
-57
-180
-87
-50
53
50
-58
120
-78
-311
-300
67
186
-53
-70
-138
-63
86
147
-55
55
-253
-66
60
-259
-255
83
-241
-240
-249
68
-104
-197
-75
52
-246
-51
159
106
-291
-146
-127
-259
-251
-310
-76
-90
-246
-120
65
-242
73
-263
-84
-263
148
-50
-376
115
-142
-162
147
-54
100
134
-408
-195
60
169
-168
62
77
-425
-144
61
-86
-413
-308
-218
79
108
-193
-324
-92
63
-609
-101
-374
-180
172
139
-117
-53
69
68
-56
-180
55
64
-258
-250
-85
-718
-61
-58
-62
100
73
-82
56
-74
187
52
-64
81
-242
-120
101
60
-244
-66
72
-85
-75
-211
57
-100
-159
-301
59
-55
71
-53
-63
-104
-256
-51
-273
-107
90
60
86
288
116
-68
-53
51
60
-53
-87
-142
-66
-66
-66
-71
-151
-68
-60
-408
-362
77
-101
-79
-122
-106
111
-87
-115
88
-50
50
-126
64
-491
-238
-130
-787
146
235
-64
-95
-57
-63
-132
255
151
-51
-54
-55
-208
-70
-151
-404
179
145
-168
-114
122
-62
-55
-105
-225
-90
-84
86
81
-85
-174
-92
-361
-54
-220
-324
-117
64
72
-260
-370
-197
-58
98
-152
-278
92
-200
51
-132
61
-340
-75
-55
-111
-51
106
68
217
94
-51
-75
52
-78
-104
-240
-195
-64
78
110
70
-53
111
-321
-55
171
-66
-142
72
157
-90
112
69
114
129
-50
-50
97
-376
-153
-65
108
-191
-144
64
-156
-131
60
-54
51
53
-54
64
134
-299
-65
51
-102
-53
-153
-55
-56
99
-243
-319
150
-100
-56
-79
139
-68
-387
-308
51
73
-141
98
-102
-80
103
-78
-78
81
-275
-243
-459
-109
-391
92
-58
-100
-120
-54
-64
108
56
-52
67
75
115
-257
-80
-447
146
-70
-104
-52
-52
-259
62
88
-100
56
-92
80
50
76
-101
-82
-270
-144
83
-108
-50
-70
-278
52
-106
69
-243
-53
143
-253
-304
-258
81
58
54
-242
57
-186
-62
113
-243
-133
-76
121
-223
-123
191
-106
188
133
54
98
-267
55
78
57
-68
-195
-256
-63
-90
119
54
92
84
-238
-91
-53
51
-70
-163
77
124
-59
-242
-56
-231
-264
59
-458
-64
163
56
61
-418
-62
-77
-127
108
-106
-51
-53
-141
-66
94
-254
-152
-82
-339
-218
-242
-309
-244
169
119
62
-54
-244
134
-137
67
-59
52
51
78
98
-161
-112
91
83
71
-251
56
185
-152
63
-83
-248
132
-323
113
86
116
116
-83
-195
-299
67
-200
-59
-57
61
-50
-109
-116
96
84
-259
-291
93
69
68
74
-123
-262
111
-323
-244
-88
62
88
-97
-255
-271
153
65
51
-109
60
64
-56
107
-405
93
-394
63
-67
51
66
-92
92
94
-260
58
-78
79
139
51
-632
-207
-64
-161
-231
-69
-57
167
152
-193
-341
-293
-138
112
59
86
159
63
-50
185
-91
51
106
-72
-76
-442
183
124
121
-80
-686
-79
192
167
-54
-322
-246
-59
151
-183
-56
-520
56
55
-106
-214
-336
-67
-152
103
-270
57
56
-62
-104
55
55
-507
-85
-199
271
93
-51
-124
-448
-143
77
62
-58
154
-250
75
-99
-318
56
-516
-91
-151
-139
-578
-331
-150
-157
-103
136
72
-68
-50
-611
-238
-263
-237
123
-169
163
50
61
-82
-308
-237
-66
-131
-180
-223
178
-183
-191
154
-181
172
64
-80
50
-334
-93
72
-53
72
70
-74
-230
-680
-279
84
-254
74
197
-60
-160
-221
-54
-193
-112
-90
-237
104
-74
-526
-299
-143
64
-58
-50
-133
-51
-98
-105
-72
-96
64
-251
-113
56
146
120
96
97
-153
64
53
110
118
-65
53
-257
-206
194
108
119
-61
-242
162
-625
-155
-68
-246
-198
103
-243
55
63
146
67
61
-292
51
50
153
76
-108
-107
-367
-104
148
-55
61
59
-83
62
75
65
-162
-183
73
109
-248
-58
-50
94
-68
-286
-139
-247
-241
-56
56
-54
190
-240
56
122
-84
-352
92
67
-389
-85
70
-247
-290
51
174
97
-54
70
77
134
-191
167
67
85
55
-246
-55
-58
60
114
-64
-135
-145
59
-64
84
108
-369
-104
-50
-334
108
-210
-54
62
-77
-94
-73
79
-143
-239
-66
154
-104
-79
72
64
85
-63
98
-298
-121
63
-326
-320
-51
74
87
-178
-83
-183
-68
142
59
-150
-147
53
-308
164
-59
-106
77
50
-255
-50
61
-145
-73
69
-210
185
103
-71
177
-247
-64
95
-241
-59
-176
136
-568
99
-136
-135
101
-80
-256
-70
102
-101
-290
60
118
160
-57
-240
-339
-245
50
-167
-241
-234
94
109
-257
191
85
143
-221
77
59
85
-113
-83
51
84
72
122
-246
-127
-77
-120
55
-80
-113
-60
-211
-128
135
69
-183
-218
-220
109
-55
-111
-479
92
168
-52
-64
-245
-143
84
-72
203
97
-60
190
-52
-314
-160
-256
-243
-244
-521
55
-272
75
-241
-83
-54
-181
-123
71
-271
-70
86
55
54
-145
-204
94
-62
-273
-177
-60
-64
-57
-80
-366
-94
-382
198
-155
97
-239
68
138
64
137
90
-94
-51
75
85
-52
-52
56
142
137
-88
-88
-58
-62
161
68
68
-50
-55
-50
54
212
74
-159
-348
-239
-153
-116
-66
-147
-52
-148
-50
53
-86
58
-60
-56
-134
-399
-67
-103
55
-95
-60
-78
-244
-253
51
-52
-75
155
-69
121
-237
-256
88
-285
92
164
-106
-112
-66
-270
-96
-127
-50
265
-217
91
-50
249
-121
-54
-111
-108
-301
-156
-87
-218
-329
-106
57
-355
92
82
-366
126
-63
-235
127
-595
-267
-110
-153
-263
-195
215
-172
-68
50
-53
-258
-211
-237
67
-196
-136
-243
-74
-133
-151
172
-209
-53
-96
78
-78
-94
-164
59
-74
-523
78
-73
-92
-121
53
-217
93
-103
54
67
-82
-72
80
89
-129
-72
-214
92
117
-371
51
-62
-67
-92
-247
-58
89
-51
-268
-68
-100
110
76
93
-85
67
-503
-58
-58
-96
52
-79
75
58
-100
94
-235
-161
-312
123
-61
84
-315
68
125
-106
87
-53
-395
118
-256
176
129
53
-52
-152
-118
-51
-244
-108
-552
-244
104
146
-84
55
-231
-341
-61
-153
-376
-376
-80
-53
-115
92
-344
-119
-180
-158
78
-362
50
-240
200
-336
-215
91
95
-119
-241
-637
97
-317
-241
-94
57
-371
-61
-276
-533
-260
-72
-257
55
53
-121
-55
-286
52
75
50
61
-118
126
-191
-63
-99
-51
154
-65
55
-245
-98
-360
-62
-84
-170
-102
-124
112
-74
106
109
142
-257
-104
71
-81
52
103
74
-225
56
-52
-58
-246
91
62
143
-84
-58
73
-258
-82
-268
-66
-53
87
81
-296
-56
68
-118
-64
-249
-292
-52
-257
-94
207
58
61
52
119
-110
76
125
69
114
106
-53
-57
-118
70
-58
-283
-80
-75
115
-62
-148
110
106
-271
137
-126
86
54
54
57
-251
-63
-99
-231
-181
-58
127
-82
-60
-66
-366
-239
-254
-247
57
50
-174
-250
55
78
-60
-73
67
53
-82
184
-94
-230
-59
-124
-51
123
122
118
-261
-243
120
-121
-562
-242
-232
-70
89
-197
62
-247
84
-124
-59
96
114
50
-59
-128
-74
-380
-54
-238
-114
-281
-232
-52
-681
-62
166
97
58
-50
98
-51
-257
-169
74
150
-231
-226
69
-106
133
137
-244
-58
83
-256
-368
130
70
86
-258
81
160
95
-53
-252
-56
64
106
53
98
53
54
-63
-62
-94
-331
176
-84
89
-65
-175
-140
-189
98
-226
-86
161
57
-185
-64
-241
-88
-77
-174
-223
-392
-100
-317
-51
-55
-462
-141
-121
160
75
-359
50
-67
100
137
53
-148
52
126
-241
80
69
51
-245
-431
-231
84
159
-54
-57
79
-104
-105
-50
-189
54
-124
-90
61
-86
-106
-68
-88
-85
-77
-195
150
-115
115
-228
-56
-53
-110
-112
-240
-100
52
74
53
-154
-264
-113
-50
104
-184
67
63
-50
-57
51
54
-247
-52
-259
-96
-86
115
54
80
-134
-169
-263
-115
67
-171
-168
-118
-130
-331
-75
-55
-227
-100
-59
-62
-100
-207
94
-453
54
-229
-52
-218
-71
-234
-61
-431
-100
58
-185
73
-152
-59
-50
84
-244
67
-65
-154
-383
-315
86
66
96
118
74
-309
-217
-69
-176
-70
171
52
-75
-52
67
-68
102
-109
-172
-464
141
166
54
-78
59
-153
-163
-267
-98
-59
-60
69
83
-115
-67
-110
-56
112
55
-56
-126
95
52
-256
-242
-51
173
-53
-195
96
72
141
79
-353
-110
147
54
-211
104
-397
-299
-297
62
-86
67
-134
-478
-68
113
-306
-212
96
66
-152
-111
-277
60
-187
-433
55
56
-240
152
-578
99
80
-51
110
-68
-280
124
-52
82
-92
179
-276
52
52
-386
-634
134
-268
-197
-181
51
159
154
61
102
78
80
-536
-257
-267
-244
-77
-242
-243
80
-187
71
125
84
81
89
-284
-91
90
66
-107
-295
60
87
-264
-91
-64
65
60
-58
-60
-56
-80
-71
77
72
-327
-60
187
77
-55
-73
85
-52
-303
-294
-476
-252
-65
-61
-91
-252
-80
-182
-364
68
-50
-375
50
-138
63
-99
54
-235
65
91
175
-257
160
-91
-59
-178
-72
-73
-50
-358
-62
188
375
-80
60
-252
53
88
116
-243
-331
169
-232
-86
89
-265
-271
78
85
-98
64
90
-113
-122
-247
-65
-102
-51
84
-150
106
-59
-64
172
-66
-375
57
56
-370
53
-50
69
-151
88
116
-176
-421
-228
83
-377
-90
98
-107
-72
-72
67
-246
58
50
-247
-76
94
147
57
82
51
-62
-105
-54
51
-73
-133
-77
-54
-175
199
-204
-245
-338
-104
61
51
122
-95
112
-200
-66
-457
-111
-318
-60
-250
-55
68
74
78
-173
-191
-50
-81
-68
-68
162
-105
-62
59
-276
-122
-323
-190
-55
64
-96
129
-83
-250
-61
-302
-192
-475
-68
124
-265
-85
190
-122
106
-136
57
68
53
58
-156
88
-342
-66
54
81
-78
94
-249
-129
136
-65
-209
56
84
63
79
71
71
57
-56
50
51
-463
61
-92
-195
51
-76
-63
72
-52
-240
104
80
-65
-181
-71
-66
-156
51
-54
-54
62
-86
-395
-88
116
-118
88
284
77
-153
-53
-50
-77
-103
-191
-115
-84
-131
-165
-59
-139
-176
-93
-118
-81
62
-74
-95
-331
-73
-241
-225
-200
-100
108
-190
-151
-60
161
-253
-84
50
-53
-63
-84
-71
50
-107
-124
-78
-188
-88
-63
-227
71
-198
-132
-88
-57
69
-168
-211
132
-60
-67
-55
116
51
51
-296
-87
-98
96
-51
102
72
-117
-142
90
150
119
70
-249
60
-80
111
-436
-74
-132
-217
-587
-63
-50
-112
-228
50
-369
-76
-445
51
121
105
-105
-62
83
-57
65
-75
56
63
-81
67
-242
-227
-132
62
-59
107
-61
-135
-75
138
-118
-50
200
-109
-278
183
83
-75
-57
-100
-225
-60
-87
56
143
84
75
-134
-154
101
93
74
-71
129
-249
168
-63
-352
85
-242
-323
-246
-238
-271
185
-202
-60
-475
-481
62
-256
-53
64
-194
56
125
158
91
-57
60
146
-142
-161
58
-553
-532
-122
117
50
-50
-65
-72
-733
-178
-120
53
-211
-253
-68
-136
52
51
92
-151
-259
90
-119
-243
69
140
148
87
74
-334
-269
-125
-266
62
61
-314
63
73
-50
-54
-143
-61
-51
78
79
-54
60
-316
105
-168
-129
56
60
-259
81
91
-126
-311
-70
180
-60
-280
-181
-186
-58
-256
77
67
-67
-58
92
186
-125
84
-54
-359
-257
-290
74
-200
123
-247
-56
-390
-88
-191
-58
-281
-240
-59
-101
-388
54
-407
-50
60
87
-81
69
-96
-66
-490
-59
-178
51
-95
-112
174
-284
68
51
134
67
-245
-146
-101
-247
-74
93
113
-173
-90
-70
-691
189
-422
109
-93
-78
80
-67
-131
153
-137
61
-50
-106
-113
63
-240
-257
-102
84
-252
-156
63
-241
-91
-266
-403
-64
-97
74
-98
129
-58
180
151
105
-252
-100
62
73
-54
-68
-75
148
-241
-147
-261
109
-101
96
52
-246
-333
-184
-246
57
-64
-307
83
-120
-300
-123
83
-71
-60
98
65
-92
-88
73
-58
-131
65
-256
-182
-61
-50
52
-66
99
-295
86
56
152
192
99
70
-324
70
-54
155
-230
-188
-54
124
-289
90
96
142
61
67
-173
119
63
-54
-60
94
75
66
172
-52
123
-282
-76
-189
-266
126
64
123
-144
-55
59
177
-59
-94
-85
-94
-89
-51
-70
51
320
-58
-80
53
-77
82
-55
-306
65
72
-468
-358
-96
75
-200
-388
-286
71
50
-264
-335
202
65
-69
165
55
-86
-157
-172
70
-170
-94
129
-100
-114
94
-80
58
149
170
-50
-122
-57
149
-346
-59
-113
-194
-102
53
60
-112
-227
-263
-168
77
-89
-136
-85
-113
-71
-408
52
88
-91
-265
128
53
-300
121
-218
-110
52
-66
-96
157
-106
-182
-256
107
-59
-54
-287
70
-54
-248
-216
-52
51
-302
-381
151
69
-67
53
-56
65
81
-142
-52
-99
-84
111
92
154
-52
127
51
-59
56
124
-53
152
-683
-147
78
89
-248
-573
-74
68
94
-82
59
92
-201
-118
-68
-424
-224
-81
-70
-259
-92
122
-68
-251
77
-69
-114
-65
-68
101
-55
-65
82
-64
-61
-191
-54
70
169
-255
-256
-191
169
-185
-90
-51
-309
66
86
98
72
-67
-186
-299
-277
120
-181
-202
-243
80
-227
-100
-258
-157
52
140
68
76
-478
142
82
-170
-393
-416
70
-50
92
52
59
60
61
-83
74
-376
58
58
-75
-87
68
-400
-57
-154
-169
57
-92
-138
-154
61
89
-94
59
120
-195
-63
180
62
94
-225
64
-79
-406
74
150
-286
-230
-57
114
-130
62
-179
94
-124
-63
-60
-51
-309
65
-82
66
-141
-128
-72
-94
-96
-300
-139
116
58
55
-555
-118
-76
-52
140
-57
-70
-244
-529
91
-581
100
173
-195
-50
-243
80
146
139
-96
53
-75
52
-128
-298
-232
62
53
62
88
-59
106
-270
-138
-240
-219
-109
-117
71
-139
104
-60
-150
-151
140
99
182
-179
-50
121
62
63
68
69
-229
191
-61
-245
59
-72
-81
-293
57
-95
103
129
-58
88
-241
-107
94
104
54
-98
-458
-228
-106
60
-240
-62
-66
-159
-244
71
135
-241
145
87
-222
57
122
-249
111
-67
-327
85
55
60
-392
88
-329
63
-92
83
-378
51
99
98
-234
-243
86
-63
-58
51
122
-311
-54
-334
-52
-247
-148
-105
129
60
78
57
63
-65
79
68
-74
-246
-54
-161
-228
-255
-55
-62
-99
-92
83
-138
135
-72
-243
116
-80
56
-132
57
67
136
68
83
-50
-205
-81
-53
92
-360
-338
-55
-77
-58
-295
-61
-242
-235
-55
-82
-50
67
81
95
-98
-210
-168
-241
-248
-59
168
55
-50
108
122
-100
53
-142
63
-270
-97
-128
-292
-101
85
-263
-52
-76
-91
-110
50
114
-257
-53
-52
-71
-250
59
-98
136
-246
-124
185
84
66
56
-159
61
-91
64
-211
76
57
-169
-303
52
-55
-185
136
-54
74
157
-421
68
-105
-260
-299
114
-149
-61
-113
130
-258
-224
-246
82
-59
-211
102
87
-69
-51
-68
52
70
-182
-119
180
-56
69
157
-178
-68
-61
61
-182
-54
72
81
-51
-77
-62
84
197
-188
-253
-281
-113
118
-182
-99
-395
-255
-247
-234
-54
-249
52
86
126
-65
-61
-69
63
-205
-241
53
145
-189
92
106
127
-55
68
-63
-309
143
79
-84
-86
-62
174
-114
87
-92
-78
-132
66
-236
68
-247
-68
-94
-111
50
-250
89
-57
-53
-257
-52
-88
-78
-100
63
-101
106
-441
-82
-106
-189
95
-66
-149
65
-265
-233
115
-352
111
-335
-111
57
-86
68
105
-248
-316
137
-102
155
114
-218
81
-201
-558
-53
-67
-98
-123
91
-64
60
86
-242
69
-87
-219
106
-113
-98
72
78
-175
60
-391
-239
70
-75
103
-60
71
-81
-79
94
58
-58
69
62
-52
79
-659
-331
-321
55
181
-421
-173
-241
-246
-92
-102
77
-183
-51
-111
-113
-252
-98
-50
-241
-66
-172
94
128
-228
-153
63
-126
199
-51
-109
-52
-120
150
52
-85
-139
53
67
-50
-50
-108
116
-318
-272
-146
-50
168
-66
-311
-54
83
112
-97
150
139
102
-127
-288
-123
51
-152
99
52
65
-192
-92
-76
-88
-96
-51
67
-181
-382
-188
-63
-71
52
72
-466
-92
-51
-77
130
57
55
-50
55
-170
-152
76
-190
-68
52
88
81
68
-66
103
-54
-121
-69
-418
-56
52
86
232
-60
98
-57
66
-82
-118
78
106
-184
-203
-226
-133
-132
74
-406
-70
97
80
-105
-57
-60
-75
-55
-265
-86
54
57
-50
-244
-75
109
-244
80
-297
-189
130
-241
67
-58
-89
-194
-353
-317
153
109
64
-305
107
53
60
141
-69
-59
128
-228
-362
-599
50
135
-108
-638
-54
-111
78
-160
-547
-52
-54
130
52
-73
83
-74
136
-257
-239
80
-89
56
-86
165
61
-487
52
-273
-250
51
108
-52
-57
-52
-180
161
-54
-238
-105
75
86
-52
53
-167
-247
-121
-84
-65
-384
63
-164
-202
-80
190
173
56
64
120
-322
68
-90
-113
63
-256
72
148
-226
137
-70
59
-51
-53
57
-131
51
60
-101
81
-56
110
94
-359
97
-65
-86
106
-257
-56
52
116
-102
-151
93
-152
-437
-63
86
-285
167
-243
87
88
51
71
-159
-59
-239
78
135
-263
-275
82
-106
63
56
156
70
54
-596
65
108
54
-62
154
-95
58
55
-62
-95
178
58
-68
58
55
89
-245
-260
-72
-69
-84
101
-308
60
102
93
72
-52
-217
57
-55
101
-288
76
-411
125
-68
65
103
-183
81
-194
-107
-96
-257
-305
52
-60
-60
-300
-68
-74
-253
110
-255
134
51
-255
-62
120
200
-68
-229
198
-267
-102
-64
-282
-62
112
-244
-151
-64
50
69
-118
-54
-53
-76
-62
-166
-250
-255
92
-62
-191
-138
-138
71
69
-254
84
54
-247
-564
70
-51
-248
56
50
183
-243
-182
-253
-68
-254
-337
-196
93
-67
78
63
-128
58
120
-59
-75
-192
-284
174
-75
-286
-210
-183
168
-122
-247
163
-58
-98
-169
-174
-119
142
-244
-202
-53
-50
59
107
112
120
-182
80
-59
-434
70
112
120
-457
56
-108
-251
-349
-114
93
-52
-188
166
-96
-84
-50
181
-84
85
78
-275
-252
91
-74
103
55
-317
64
-236
127
-53
-152
158
-136
91
176
-266
-256
62
-118
134
110
296
90
185
156
62
-72
-124
-105
-108
-88
-361
-157
57
181
130
-54
56
127
-110
-56
-50
-57
-66
-111
83
-74
-79
129
-376
-57
-367
-102
94
-56
-484
-100
111
-64
69
-106
89
-132
-94
-398
-60
52
189
-81
-111
427
-215
-51
57
-130
54
-64
54
-54
-114
-185
-97
65
59
63
-411
-80
-194
152
62
-305
-157
198
-136
72
-57
-188
75
-85
169
81
-196
159
68
59
-87
-254
-160
52
71
-66
-163
211
-57
-261
-186
-57
59
150
-236
161
74
-256
-78
-337
-59
-139
-78
63
-214
68
83
103
88
130
53
-137
54
-73
-88
143
75
-209
-110
-110
147
98
-224
-65
-180
60
122
61
69
193
-56
64
-60
74
-51
-241
-163
87
-56
56
-60
-145
-52
50
-107
-129
-222
-243
-58
-62
-246
-116
-58
-70
52
-248
-324
-317
-58
56
223
-86
-259
-122
-472
-86
62
-145
-252
60
98
54
-292
58
-263
115
-103
-137
-62
56
-228
113
-50
-130
56
-58
-338
126
-205
-89
90
-57
57
52
77
-407
-190
-128
95
-69
-394
-115
-89
-247
-110
60
-118
103
-405
-151
-57
-53
62
-83
-59
-213
-223
-312
-53
-64
-70
-270
52
127
98
51
-188
-131
-401
-255
101
-50
-101
-52
-54
194
195
-72
-262
51
-250
144
-199
-223
57
-98
-257
-257
55
-78
-163
-59
-249
51
-245
-129
-250
59
-80
-56
-227
-252
-74
-99
77
-387
-142
-61
104
-95
-56
82
67
-56
88
-103
83
-136
-53
-352
100
-51
-50
118
80
68
-90
-84
-57
57
-121
70
-243
-80
-190
72
82
55
56
-88
-56
-57
-181
-160
52
120
-138
-256
-136
60
-54
-349
-56
-79
-84
-57
65
63
-259
116
68
-97
-94
-251
-241
81
66
56
-255
-56
57
71
179
-56
-255
51
-242
-52
73
-94
-287
71
-557
-239
-74
-54
-61
-245
124
56
95
-277
114
-253
-55
110
52
66
-111
-238
62
120
-71
-312
-56
-317
-244
54
-107
-78
-50
-246
-252
-249
-54
-376
-84
-251
-62
-243
-61
78
-80
-310
69
-216
67
-68
-65
-60
-104
68
-110
-196
56
115
68
63
173
-326
-97
-307
-214
-73
-54
159
96
-176
88
-169
-78
132
-89
-118
-256
-52
-135
79
-73
-123
62
-54
159
-255
-160
-72
-100
-130
98
-79
70
-358
-59
-173
-66
-65
72
89
194
-150
51
-120
90
-68
-76
-224
86
110
-64
-56
62
-350
-136
-138
-314
-218
150
-391
-55
-133
-98
-76
-83
-589
70
110
-333
77
-422
-310
-143
-301
105
65
126
-293
-105
-243
75
-244
-60
-57
-85
81
183
61
302
-58
-61
64
57
-181
-107
142
-261
-127
-294
-243
-92
-116
58
-102
-239
-50
133
175
147
90
-262
95
-204
-331
-285
-61
87
164
-137
-75
-168
-383
52
-92
76
61
132
-57
-503
-250
77
72
-236
-62
-125
92
118
-144
-56
63
112
69
82
-245
-239
79
-120
116
-140
60
-53
50
-315
60
-74
-77
-93
107
80
-126
-137
-246
-66
73
-67
-125
-272
55
129
56
-171
190
152
51
-167
-167
175
-259
-72
154
-63
50
-116
-63
60
129
-250
-243
59
-178
95
-222
75
-139
126
-295
-358
72
-187
-51
-311
-74
134
61
56
137
-256
58
162
61
-97
-239
-84
-71
91
-149
-245
-52
-451
-127
128
-59
133
182
67
-157
-80
-54
-57
89
55
-58
138
-90
-245
-90
52
-259
-393
95
-73
97
69
-244
92
-141
80
-258
167
109
-171
-180
-355
125
120
95
-67
-246
-129
82
111
-134
-54
-223
51
85
139
-385
-106
103
-144
82
199
-58
-57
-116
-159
-325
72
-177
212
-131
105
56
-293
-259
-54
-317
-66
-62
58
169
-66
-76
64
64
66
81
72
75
-258
-179
-309
-113
-265
66
83
-52
77
-241
78
65
-189
57
-175
-53
-109
99
56
-232
-70
-166
-71
-321
189
-65
-247
-273
-131
-239
55
87
55
-243
141
-55
-117
-234
-237
-149
152
-114
80
-271
-58
65
-60
163
-50
-104
-239
-82
-237
80
119
-53
-376
122
-76
99
56
101
-341
-154
-109
-103
-50
-315
-98
180
134
50
-255
-229
116
-111
-58
-247
68
90
-153
-51
-56
66
-194
-76
-58
93
-54
56
58
-211
-50
-430
-167
55
-300
50
-253
129
74
-66
-102
50
-114
137
-50
-83
-179
-141
104
-50
112
-217
-96
-316
-83
-188
-56
-150
-107
100
-254
-133
-251
-51
-183
-116
63
-55
119
-54
-96
63
107
51
-57
-309
-154
-210
