-87
-66
-175
-110
-263
-253
-95
-224
-54
56
-154
-55
-78
-251
-92
-230
-59
-144
-230
-108
-118
-290
-58
-56
-51
-184
-111
-223
85
-59
-154
100
-81
-89
63
-206
-56
-335
-106
-62
-137
-530
-85
-70
67
-544
-63
-79
-82
-51
-88
-154
56
-235
-66
-252
-70
-233
-111
-55
-200
-137
-137
60
95
-95
-408
67
-66
-82
-99
-86
-107
-303
-244
-87
-149
-190
-143
-64
-152
-82
-208
-114
-94
54
99
-64
70
50
-51
-244
149
69
-149
-151
-176
-103
-124
-242
-70
110
120
82
-241
-99
-55
-629
-94
-549
-233
-53
-103
-222
-278
64
203
74
88
52
139
168
92
-53
-63
-50
76
108
-98
135
-251
-233
-372
54
-80
-118
-91
89
-80
-223
-98
-105
102
80
-82
90
-55
-294
-235
-111
-261
104
-74
70
-52
165
-51
-206
-88
-66
-125
-51
-126
-61
-182
74
-250
-148
-63
-256
-161
-56
141
-184
-290
114
-134
180
-56
-248
-254
111
-287
-55
-280
60
-66
-250
-66
51
163
60
-106
-116
-66
-77
-255
60
66
-86
107
-74
79
130
-93
58
-271
52
58
111
-241
-64
-109
-53
-59
127
-287
-179
-245
90
-52
-121
76
-327
-53
54
77
115
120
113
57
100
-61
91
-130
64
-53
-74
55
170
55
59
121
-252
53
-62
-59
-113
114
-209
84
60
-239
-51
58
72
-272
182
55
-119
146
-69
84
-240
-161
-244
-259
-157
-339
-53
-111
-241
-51
-110
-176
74
56
-313
-51
-176
51
-80
119
-118
-52
-66
87
-253
-112
-173
122
94
-81
116
-68
-50
-253
-212
-54
-81
62
77
-79
-52
148
-424
-260
-72
-57
-299
102
-52
-80
-442
59
-300
50
-151
-83
-244
-62
138
50
-241
190
51
90
-75
96
-261
-56
-232
100
155
-335
80
66
141
-141
-79
66
58
68
83
-159
-60
-82
153
-558
-210
59
56
-161
-244
-256
-281
85
-71
-50
94
-54
-292
-86
72
-96
62
-128
102
75
-82
-194
-51
-67
-50
133
-175
-60
-69
51
61
-276
-259
-182
83
-241
71
-232
81
53
167
-342
-110
82
169
111
-96
-683
-224
-239
-80
-68
50
-194
86
120
97
52
-74
134
-402
-225
-231
53
-133
-50
-74
-160
-58
-70
69
65
-52
-156
-79
-267
-353
-319
-238
-54
101
-72
-54
92
50
-61
-64
-55
-136
-406
-77
154
-132
93
89
-106
-342
-298
-75
-161
-167
115
-100
-57
-103
-412
101
-62
-357
-133
-357
-491
-205
-79
-531
69
-74
-378
-90
-332
-275
-146
-51
-115
-60
302
-206
-348
60
-107
-120
-207
53
-246
161
-335
-230
60
-60
-52
69
-63
-261
-50
-250
-52
63
-74
-53
119
-124
-62
69
-59
78
-351
97
-250
-54
52
-281
60
59
154
-80
-78
-126
-107
-220
144
-55
-223
-51
-238
-81
-247
179
-59
-62
67
168
-59
-277
195
-361
139
-134
-187
-592
122
54
65
-79
-67
-257
-56
60
-60
57
168
72
-88
99
-50
-456
-131
-86
-52
196
-255
-121
-62
-59
-65
-51
-88
-50
-54
94
-181
-78
128
-245
-172
95
-64
-80
-193
73
63
66
-55
92
-250
63
-141
106
93
-354
-161
-119
-88
-53
-212
83
-152
128
-91
89
-639
-79
-187
-55
-147
64
74
-76
-249
-305
122
-73
78
-254
-50
101
-80
175
-149
55
-201
-69
-154
58
78
-52
-161
-62
109
64
-91
125
70
-86
-136
-105
-318
-163
-55
-59
-61
-107
94
52
-115
67
-51
-247
85
55
61
170
57
-91
-79
-92
-109
68
84
50
62
-363
54
-81
-202
71
-123
79
-370
194
-58
57
-89
125
-371
-392
60
208
-70
-565
-256
-689
133
-115
-51
-68
-56
85
-255
76
-58
-382
123
-244
-56
-67
81
63
58
129
-256
-227
-112
-62
-275
56
-189
82
97
-73
-51
153
-124
82
114
-122
57
-141
-61
138
108
75
-504
78
-50
-72
-240
101
-246
-195
88
99
139
-62
72
-309
-330
-161
56
54
-86
87
58
101
-56
-132
-235
60
-57
101
-115
82
-51
-101
-238
92
161
-65
185
161
-272
131
-248
193
-83
63
-373
-59
-66
-182
172
-211
-55
180
170
-253
153
61
-296
132
154
105
-357
-243
-149
-179
-258
-151
94
-84
-327
-86
-257
53
-60
63
-69
77
-175
-263
-104
-51
51
-318
-256
71
-57
84
-93
-50
-65
-370
-259
-283
69
-247
121
-181
61
52
55
-96
-314
78
122
-210
75
55
180
-51
-260
-277
64
80
218
-212
-109
-144
-122
58
-117
-126
-250
-52
-178
-57
-287
60
-249
139
146
59
-242
-236
-73
52
84
52
-51
138
-117
-251
-67
-112
87
-226
-243
-104
-74
-266
-76
52
60
-67
79
-65
-250
-237
-230
-50
104
58
-106
72
-250
-258
164
-244
-310
72
123
-464
-247
51
71
-63
-53
-266
70
102
-414
-135
59
95
-284
58
-120
208
-261
-249
156
-58
81
152
-60
57
172
-153
54
-102
-118
-74
-124
51
-98
-152
-144
-124
52
-50
158
78
-159
136
-52
-51
-53
-247
-472
-94
-64
-168
93
-80
-155
61
-116
-167
58
-114
55
114
-90
-74
-621
124
-140
124
-50
-66
-57
-640
-181
-508
-54
52
-54
-254
-146
-90
-152
-100
-63
-100
-499
80
-58
-60
-139
182
-54
-62
80
-117
72
-108
-50
-105
-204
-88
-132
54
-670
-138
151
-84
53
60
50
-358
61
-102
-64
-260
-279
61
-327
-165
-59
-103
-320
-75
-54
-112
-122
-377
-136
-144
-308
-204
-74
-147
-75
57
-204
-115
-183
-396
-92
-304
64
-148
84
-70
-51
145
-243
-96
-73
-50
141
-69
-477
83
-78
109
51
67
110
-110
63
-237
-244
-54
-536
-52
71
-98
61
-75
-74
-74
-65
-273
-278
51
-221
-117
-592
-65
-60
-248
-54
-158
84
-71
148
-605
128
-186
-294
-397
113
107
-205
-96
-275
-59
141
52
93
-104
-59
53
-50
79
-175
60
-59
55
157
191
67
-112
-75
-52
-81
-62
-136
-245
91
-52
-488
-59
180
-52
-113
143
71
98
-238
67
112
91
97
-68
-238
77
-82
-225
62
83
53
71
-357
-557
-135
-338
-97
121
-575
96
50
-114
126
-248
-246
-51
-213
-56
-104
105
53
69
58
-52
61
62
-78
59
-190
-149
-240
91
102
-238
78
94
-90
-72
50
-203
136
197
-64
83
-109
-252
75
106
-200
-73
-128
122
-285
-162
-91
-377
-52
-248
-96
59
62
-77
-169
-122
53
78
-81
-50
51
172
50
-51
-58
-163
119
138
160
-553
134
81
-51
71
62
102
66
-56
64
-52
-74
152
-160
97
-314
54
161
-128
-313
57
-51
103
-52
80
60
-89
-308
-199
-51
-243
-74
-247
-256
-50
147
-64
-52
67
-243
-50
-90
-90
-79
-78
-83
-125
87
59
109
64
-60
-240
87
-308
-248
-245
-88
-114
-235
-94
50
-122
60
155
104
-178
79
-126
99
-81
-264
-271
95
64
-68
112
-72
-119
-66
54
-109
103
54
-89
67
-54
54
-304
-54
-203
58
-239
178
-252
-269
69
116
-349
-143
-129
71
-186
-220
74
-259
160
-257
73
-144
-51
-285
-78
-241
56
-254
-183
-289
-256
-599
-104
177
-240
-64
-365
-234
-225
-635
-55
85
-298
182
-109
-232
150
82
-337
-77
-54
-111
-210
74
-296
-251
-158
118
-202
-90
134
60
54
157
-51
-114
-240
-79
62
-363
-121
58
188
-109
-255
-305
112
-281
51
-98
-72
136
50
-77
103
53
-51
55
86
55
89
147
-310
74
132
-186
77
68
-261
-526
138
-243
-181
56
-105
-50
51
-93
-238
-147
-267
123
60
88
-271
-60
-96
-113
-60
-92
85
-208
-274
-69
-135
-210
-100
-79
-176
-308
-293
-218
-483
-482
-86
-71
-104
-54
-62
-68
-428
-237
-359
-73
70
-96
-70
-182
-59
-81
-488
-158
-95
86
-170
-66
-121
-369
-103
67
-402
211
-178
-204
-119
-314
-269
97
116
-221
167
-373
135
-345
-64
-188
64
-115
-60
-60
115
118
53
-251
-52
-79
-50
-58
73
-110
-126
-219
-67
-87
-368
-153
-576
-627
135
-99
76
63
-317
-177
-135
72
51
-58
-325
-252
64
-102
96
-286
-69
-81
-54
-65
-137
209
63
-757
-221
-55
-87
-56
-155
70
-214
-134
-84
-52
-60
-205
-100
106
-183
-84
-61
112
116
-61
103
-80
-331
77
86
69
66
77
-84
-60
52
-174
84
-116
-159
54
-55
-80
-133
-53
-197
55
-62
-168
-69
-94
-66
-63
-92
-403
62
151
-72
-98
-123
-223
91
81
58
-188
-121
-56
-52
-100
-132
-130
67
-67
-82
-83
157
83
50
-108
70
121
-109
-50
-50
-83
-52
-164
-56
-64
-471
-50
56
71
55
-120
-502
186
-103
-64
-222
-52
-202
-104
97
-60
158
51
-54
-100
65
-319
54
-170
-79
55
127
71
-225
-379
173
-110
168
68
64
-354
135
113
-93
100
-232
-51
65
58
-53
-50
89
-91
-255
116
81
112
-222
81
59
-64
-331
137
-70
112
64
-65
-139
142
61
68
-340
-72
50
-403
92
108
53
-96
157
157
117
-181
59
80
-237
-239
-132
87
112
-54
-54
65
79
-142
103
67
-73
151
-230
-57
-60
-242
145
-107
-51
-59
-264
-101
64
-324
-57
-56
77
-50
-80
-240
-51
80
77
-570
50
-61
-235
-55
-52
-65
-58
-244
-153
78
-52
-92
119
-242
122
-60
-61
-97
52
79
-185
-53
-86
121
60
-197
-106
-247
67
-242
-56
51
-92
-59
103
-79
-82
-248
-150
58
-53
-245
60
-82
146
58
-84
-167
54
-101
-251
-78
110
-225
-240
-61
96
-508
-107
-460
102
-51
207
-74
-66
148
60
-84
-131
161
-72
-60
-141
-115
-67
-240
-141
-94
129
-68
-82
88
-78
81
51
-257
-64
100
53
-68
-256
120
-235
-180
91
92
94
-140
-83
97
-185
83
-257
-132
-103
-72
-396
79
-252
65
80
-242
88
104
133
51
-175
-249
-305
-52
68
-79
-96
-78
-70
148
-52
-212
-74
85
56
-60
64
60
140
54
98
71
-240
-240
67
-257
-147
-52
-60
-54
109
-51
-92
-59
108
-253
-52
91
57
-242
-235
-218
166
-244
-110
-261
-77
-242
96
-159
114
-77
60
-344
-64
59
-217
-50
-68
-154
50
-111
-84
156
-228
-104
-116
56
61
131
-248
99
-290
-74
-241
99
-55
-79
-77
172
123
166
-227
60
-244
154
56
-52
70
90
61
-50
-60
56
51
-237
53
131
-54
80
-287
111
-249
-250
-319
-120
95
-53
100
106
54
-56
-170
92
50
89
-86
-227
-86
-61
86
90
120
-255
50
109
-466
119
-55
-241
-298
-66
93
-54
-50
61
-368
-51
-64
-335
-213
-175
-331
59
-57
-119
149
-116
-83
-267
81
-673
50
-341
-90
-116
66
95
113
-162
-109
96
51
-66
-264
-102
-54
-318
-333
63
-52
-50
56
104
-56
100
-108
-51
123
70
122
109
-175
-199
70
-179
58
59
-50
91
73
-135
82
97
-114
-121
-54
-255
-388
55
-246
55
70
-53
-488
-247
-92
51
71
54
-94
-80
-255
-166
-80
-249
-255
90
-165
-91
127
-195
-255
62
-256
-243
120
64
-50
71
-280
51
-66
147
125
-64
-58
-60
70
-255
-138
-180
96
140
-252
180
-62
-263
-234
-163
-52
-267
-83
-128
-132
332
-221
-231
-76
-98
170
142
101
121
66
66
-55
-126
-50
139
-59
73
-290
-255
-239
-84
-146
-51
73
-64
-270
101
-126
54
73
59
85
-66
-140
164
-81
193
-55
144
60
-257
-253
-83
-249
-243
-129
-122
119
111
-64
-145
-154
-67
200
-66
-163
-75
101
-325
-256
-73
79
-245
54
-73
103
-250
-244
51
-234
-94
-201
-173
-63
63
122
-245
-53
78
87
-240
-93
-261
-57
-103
-221
-127
105
-51
-155
77
-58
-60
173
-79
-97
51
61
199
-56
-50
-172
62
-260
-241
-50
119
-130
126
-119
90
-52
-61
51
-256
68
100
-275
-593
-124
-56
-93
-380
-286
82
76
-187
59
-283
114
61
178
-408
-154
-68
-262
70
79
55
99
93
-254
77
-60
-206
167
-245
54
168
102
-108
209
-321
-71
-152
72
122
-52
-60
167
-50
140
102
-104
67
69
-52
-262
52
73
-50
116
62
-50
55
-56
133
127
-66
-68
51
-243
66
-165
117
84
-271
74
-268
60
125
-100
108
-120
138
144
-73
-67
-848
-407
85
113
-100
-156
51
-62
-84
-94
140
-171
74
-231
109
-176
-100
51
-54
-75
-152
-127
-55
-142
100
-140
-57
60
-68
-718
-187
-391
130
-56
54
-256
-229
67
-54
-120
-75
-53
512
51
-315
-52
115
122
-55
-104
-64
219
282
-73
-52
-128
-166
-72
-228
-238
-173
-157
-185
-198
-197
-69
-202
70
70
-223
-123
-534
-83
-58
-80
-62
-176
-52
84
-88
-68
-69
77
-109
52
-125
55
-73
57
-54
-64
-55
-69
-246
-93
93
-166
-153
62
-60
56
55
-80
100
124
235
-140
73
-168
-151
66
81
-88
104
-510
-186
-50
65
-80
-72
-241
69
-58
74
106
-84
-184
-55
109
-90
112
-507
-470
107
105
60
74
-54
152
-67
89
-294
-92
203
-67
-52
-189
-127
-61
-342
-90
-90
-64
50
-600
-122
-170
53
-176
-236
-189
57
118
-274
-52
-56
-152
83
-89
112
-325
198
-83
81
92
-186
-246
-58
-196
-252
84
88
-118
85
-246
-52
-587
-218
-66
55
-110
63
-88
125
-50
140
130
-299
-88
-80
85
94
53
57
95
104
-77
-233
-67
-51
-267
-91
-59
-127
-54
-119
-240
-207
-202
-104
89
-462
-152
-58
-254
-50
-52
-102
-78
-64
-316
50
-109
185
-155
121
80
62
-135
-178
114
89
-106
94
-265
68
-210
186
-256
-91
-56
59
-72
-228
-259
-146
-71
-309
-54
-228
-80
103
-95
57
-78
-59
-88
-277
-242
-165
-54
-191
125
-126
93
-311
-50
169
-105
-321
52
-50
-75
-165
78
77
-190
-67
-189
-103
-243
-250
58
-242
-247
63
-338
-162
91
-50
175
-87
-56
50
-64
64
-480
162
75
-84
-51
-106
62
-168
-162
-52
93
-248
-243
96
121
112
57
-239
119
-88
81
108
116
52
127
-63
104
-50
68
-258
198
-50
-53
-227
-95
-76
-120
-270
-257
50
-62
58
162
-92
88
-58
-321
57
80
54
-80
-50
57
125
-54
58
75
-273
-57
-145
-76
-252
94
57
-51
142
50
89
53
-246
70
-104
-227
61
-60
96
84
-153
57
-134
-243
-84
-61
77
97
-103
52
-97
-60
-78
53
64
-171
-50
-549
-187
50
-52
102
60
-58
79
111
-130
75
-60
-451
-72
-59
-151
-129
188
-94
-72
54
54
121
-88
-118
-247
-263
193
-494
168
177
-243
-54
-68
-215
146
-484
-321
-377
110
-167
-83
-310
-77
-123
-201
-73
-474
101
-55
88
-62
131
-105
61
60
-146
-256
100
-55
163
68
-62
-53
52
-115
-98
103
95
93
-141
-108
79
114
-246
76
68
60
-81
-114
-344
-249
73
-237
-155
90
-106
-61
-60
92
-81
-684
-53
-184
-226
-98
-72
69
-67
-364
51
274
-51
77
-373
-323
-251
90
53
-116
-531
-89
-136
-558
-76
-60
-114
-100
-77
-308
-202
-83
-70
54
-208
128
-77
-84
-203
-90
-80
-135
124
60
-56
-140
-78
121
-68
75
-191
-63
-50
-70
-60
53
-81
-123
-133
-102
-161
-125
-53
-63
-54
216
57
-70
-51
-52
75
-105
-112
-225
-359
96
-69
-52
-67
-206
-460
-111
-108
-87
-54
-150
-212
-100
52
89
-71
-52
79
-119
-784
-73
-71
-241
-527
-119
-246
-79
-191
-244
-224
-194
-141
-609
90
-252
-106
-168
-288
-105
-146
-462
-166
-66
-99
-199
-221
-148
121
-57
-329
-84
-66
-98
-294
304
-56
-95
132
-64
-87
133
-56
-331
211
50
-188
101
-150
80
67
84
-200
123
-80
-66
-55
-71
77
90
-128
-83
-69
-184
59
-165
-98
-143
-138
-160
92
-138
-58
-61
-65
-157
-133
156
92
-57
-100
50
148
110
-58
-91
50
136
-75
-84
50
-154
-96
-73
-115
-62
-387
-279
-416
160
140
-230
-54
-118
-227
58
-210
-73
-243
-84
-396
-103
-106
-273
-62
104
-80
-115
-242
65
-56
56
65
-443
84
-143
-98
-242
-51
-285
-102
206
-341
-87
-370
58
79
194
-56
-225
66
-93
85
-58
-64
-50
95
-308
-257
56
-99
-53
-198
56
-152
-191
-56
84
-173
52
89
-310
80
135
-60
-120
-54
177
-57
170
-60
-53
88
-59
136
-248
-151
-72
-301
64
-98
-193
-123
-78
-57
111
91
60
52
-245
71
-225
-356
156
90
-62
-76
-53
136
80
70
70
-54
-70
-132
-139
-80
-54
-256
-131
-243
65
85
-258
100
-73
60
-52
-52
-185
-249
-62
68
-55
-248
63
182
-346
-299
144
-145
-147
75
-88
-372
-174
-152
-94
-246
-50
55
71
-98
-167
82
-234
89
-332
-56
91
106
126
-371
-358
-241
-264
77
-60
-52
111
139
92
-522
-53
54
82
-59
-52
-255
-64
79
-50
54
98
-186
82
144
-240
185
-247
-74
95
50
-245
-84
-68
-351
-147
-252
60
-101
-143
-260
58
-149
66
94
-66
58
-99
67
-253
-65
-311
-123
-57
-249
-287
-64
-162
-260
-73
-239
-103
153
-214
-173
-241
-250
181
-256
-222
-101
-245
-288
-54
-374
107
88
-105
72
80
-185
-247
132
94
61
67
62
-162
67
-256
-169
-59
-400
96
-268
124
56
-55
119
-142
52
69
82
58
-100
-51
-52
-70
140
-50
-63
76
-243
-246
-132
-255
-76
-126
59
-54
-242
-203
-262
-238
60
-81
81
-103
-222
71
-120
79
-287
-176
63
68
-52
-106
-216
-138
-52
-250
52
72
-63
101
-60
-57
-391
77
103
79
50
-51
-87
78
-85
81
-242
-233
-86
125
-162
-55
-432
-317
-238
-59
-440
58
-61
99
-97
61
-129
-243
-94
102
176
-124
-78
56
-70
-77
-289
-74
110
56
56
-158
-158
-216
56
72
60
-82
102
-66
83
-66
-129
123
79
-50
62
-63
-78
-56
-104
-56
51
-75
-65
-289
-86
51
52
-380
-114
-66
-317
92
133
-319
62
-115
-126
-62
-94
92
-101
-626
-59
-134
-97
-66
-62
-154
-85
-62
-89
51
-57
121
-50
-55
-341
-297
319
74
-50
-55
-54
-100
69
-75
-87
-60
109
-72
-62
116
89
91
-431
50
-52
123
62
-102
-50
-66
54
-493
106
64
-409
-53
59
52
-226
-300
-58
-462
-68
52
54
-116
68
-150
-77
-120
89
94
100
-147
-375
-58
-166
150
-313
-650
-95
102
68
70
85
-82
88
-50
-76
-160
-86
-414
73
-72
-82
67
-131
-155
-248
-386
218
123
-131
145
88
-76
58
110
-241
-186
-80
-114
-70
54
-130
-64
78
60
187
-172
-249
63
-141
-250
-238
-383
64
-267
57
-235
-58
63
-391
95
-124
73
-335
-62
-157
-57
68
-50
-50
-378
136
-120
-331
118
-244
-205
109
169
116
-68
-69
54
55
-310
116
-334
-52
-50
-96
-140
149
-84
-298
-69
-54
-90
-78
93
-316
-70
-326
105
-206
136
-669
-65
-50
-66
-52
51
88
-140
114
-52
56
-260
56
-281
-81
68
105
55
86
51
155
-182
-64
-184
85
123
70
-242
102
160
-259
52
-56
-169
68
100
-56
-244
202
125
-245
-230
-285
172
-252
51
80
-51
-130
64
-261
-89
94
-76
51
-478
-256
-171
75
-55
-147
-84
87
-66
74
-246
-101
63
-238
157
76
-172
68
63
-231
50
-263
-250
-66
-244
81
-235
64
-63
-257
87
123
-81
-173
-115
75
-52
-158
-257
57
-288
-479
-101
-245
-306
-258
-157
68
98
184
-332
92
-68
-206
53
-59
-256
151
-248
68
-54
-88
70
-245
-101
176
76
-58
-141
-54
104
153
130
65
-321
118
-247
52
194
75
68
-68
-352
53
58
80
-108
-64
-152
-50
85
60
-56
130
-157
-247
-88
-239
64
-54
-58
-279
61
-96
-368
-260
-245
105
115
68
52
-319
-241
-132
-240
-256
-294
80
79
-55
-126
-469
120
-309
-143
54
73
-112
123
-75
62
-277
-67
-90
-377
-245
-312
55
93
-50
69
-88
-64
-261
-64
-64
-299
50
118
124
103
-251
94
-247
-524
-67
-205
-57
-220
-179
-266
-334
53
-51
-208
-50
-143
-129
-57
-95
-434
97
95
-359
58
-70
-53
-128
-259
55
-242
-171
-70
92
-631
55
57
61
55
-98
-53
50
-79
-290
-208
-115
-79
70
-189
-99
-157
103
-75
-58
-56
76
-240
81
176
-55
-69
70
-236
-67
175
-270
-99
63
-232
-336
143
63
-126
-90
-378
-375
50
64
-398
-509
92
71
-95
-52
-231
-62
137
75
-109
51
-57
113
-168
-239
-132
-392
-254
55
90
-161
-161
84
90
-102
-111
-51
-174
-130
114
-351
-100
58
-83
-137
107
75
-201
-133
162
-102
-58
-179
-65
67
-145
-487
-58
-249
72
-197
-613
-245
-168
-131
67
-251
-53
101
120
-56
-75
-71
64
124
62
134
117
179
-55
-55
-244
-98
-84
-143
55
59
-67
-114
97
-242
51
98
-75
-321
-73
-50
-80
-342
58
87
-286
-305
-358
-242
-88
-144
89
-84
-51
73
56
-50
-69
-419
-248
-183
-148
80
-250
-158
-87
-80
86
99
-181
-84
66
-112
71
60
-380
-256
-189
-251
85
-168
119
-146
-246
97
-84
100
-127
-142
-55
-279
113
139
-210
-120
-86
-160
62
104
-126
63
-52
-117
91
52
52
116
-170
-291
66
131
-103
-247
-67
94
-387
-80
193
-136
-186
95
190
75
-131
-54
-81
70
-242
-248
-76
162
70
-363
66
-93
-252
53
-257
-405
-301
-52
53
131
-53
-52
-261
50
109
-260
-52
-293
-58
113
-57
59
-91
-60
59
180
52
75
-69
-67
100
-94
76
75
57
80
-722
-70
-91
-51
-251
-70
-76
-89
59
-279
-59
-112
-109
53
-258
149
-111
162
-73
74
-250
-91
103
81
81
-343
-160
-148
-252
-303
-61
139
54
89
-80
51
-208
-557
-64
-72
-247
-76
-50
-64
-78
-54
-109
-355
-99
-123
-72
-56
-65
-391
-239
85
95
54
-465
112
-105
137
-94
-242
87
58
69
-241
-309
-115
-60
-261
69
-55
157
-176
188
62
-52
-51
-330
117
-56
-59
-61
-189
-127
-182
-164
-208
-406
-206
-104
-74
-171
-240
59
-405
-64
-125
-178
-107
104
-64
98
-236
86
87
-235
50
196
-130
-51
-185
-65
-130
-267
-178
-58
96
-59
-60
62
-82
-257
93
52
63
108
-54
-66
53
-59
82
-54
-342
-71
-62
59
61
-106
97
-175
-104
59
-102
114
64
-242
63
-387
-221
129
134
-157
-195
58
-52
-133
67
90
80
-311
54
74
56
134
-66
60
-51
54
184
-117
63
-66
137
77
-56
-120
-62
-106
92
-123
-130
132
57
-50
-141
-61
-485
154
88
92
-112
58
-150
-125
-612
148
-94
-114
-338
-140
56
-88
58
-242
72
-125
-201
60
-75
-191
-132
211
65
68
-261
126
209
-142
56
-184
-328
-376
-157
-55
-79
-530
-414
-162
-105
-53
-643
-89
-236
-106
-417
-50
-390
-97
-136
-51
-75
-83
-118
-259
-75
84
-295
59
-58
79
74
62
104
-60
-127
-67
-57
-788
61
-70
-187
109
-142
53
-156
-92
-112
65
-56
-51
-81
114
-55
140
-294
-128
-61
74
69
-69
119
76
169
198
-80
-553
-66
71
-55
-78
-245
53
69
127
112
140
-220
123
-266
-251
113
-289
58
-80
-88
-243
-289
152
-135
-69
66
-75
145
-60
-84
172
108
98
-104
-242
-352
-74
66
77
61
144
-62
-205
-75
315
-87
183
90
-58
-217
-50
-414
81
59
-77
-224
-159
-50
51
-137
58
-54
-248
-56
74
110
159
73
54
-195
-69
-261
-52
-345
-129
-90
75
-321
-241
-301
-219
54
86
115
-355
99
-453
-245
-64
-50
-145
74
145
-252
-244
-73
-171
-244
84
-62
-166
118
-248
-62
-245
-292
-86
68
-142
87
-316
79
-53
-256
-234
-54
-111
-555
-51
-143
173
96
-111
204
-50
-261
91
166
57
-349
57
144
-246
-113
109
-241
84
80
59
-248
-259
-216
-187
-146
135
-60
57
-234
-246
-261
-59
129
80
-61
96
-121
-242
-61
-51
-71
-176
182
50
-232
-59
-262
90
-50
113
64
158
56
-242
-481
-278
-322
-134
56
67
-89
-113
-135
-263
-156
172
92
89
82
-247
-136
202
86
-62
67
166
-257
-244
-145
60
-123
-249
-60
126
-245
56
-445
84
54
-340
-59
-82
60
-53
-245
-143
-253
-263
183
-61
171
54
102
-179
-65
-241
55
-270
101
-91
-255
186
-331
-287
-247
-158
77
-68
101
-173
-74
-321
110
103
150
-203
-237
57
100
-101
-369
52
-242
86
78
110
68
-371
61
-59
-148
-244
-64
-63
51
62
-128
-171
-249
-80
100
-155
-241
-121
52
-99
62
123
-160
-79
169
-60
-51
67
61
-81
64
-335
-52
66
53
-176
-242
-492
-88
-307
166
129
-81
161
83
170
-267
-58
-177
75
-55
-144
176
112
-63
-52
-111
-62
-232
-311
-250
168
115
-201
80
-69
148
-152
-53
81
111
-396
-248
163
89
191
137
-69
108
58
-74
74
-130
156
-327
58
-68
-75
-470
51
-105
51
64
-242
-51
-68
-248
-341
-54
-215
142
-62
-50
91
104
-182
113
-228
-85
-73
88
-111
-90
-243
-218
-109
-288
114
91
-286
136
85
-167
240
-771
74
-57
-50
-56
50
-121
-282
-224
-111
54
109
-58
61
-110
-248
-293
-58
-58
-127
-406
91
-56
-127
-63
-61
-167
-275
-112
-84
-64
-90
235
65
-56
-241
-155
-176
-382
-63
-100
-59
-50
61
-300
63
54
-261
111
-74
-122
-77
-67
-285
-76
-183
59
-354
-236
-108
-98
-143
54
55
-179
-117
129
-75
-81
-50
-52
-233
-233
69
-86
94
194
51
-54
94
62
133
53
-121
-287
-375
-89
86
-102
-59
174
-63
-101
-52
-258
-55
-111
-244
-262
182
-163
-52
-68
53
86
-245
165
-96
-62
-271
92
53
-247
-88
-232
80
-65
-67
-149
172
-104
-198
-78
-214
59
-87
121
-95
103
-240
-270
83
-273
-134
62
-525
-52
57
61
-57
-52
-57
55
-70
162
-99
75
-250
105
-308
-67
120
-71
-502
175
126
-229
-248
120
-175
109
192
-77
-176
-171
83
179
57
-271
-245
-60
-240
-218
171
-235
-91
-246
66
-220
-51
-51
71
150
-77
55
55
111
-51
-241
-70
70
90
-224
60
-159
-458
-247
-62
-50
78
78
121
122
-244
-69
53
90
102
118
-306
52
50
-88
-668
117
-327
64
-349
-59
-243
50
56
136
-147
-203
50
186
-87
-86
97
-245
-51
174
-133
-219
-313
116
-128
114
87
-194
-515
58
72
-99
-62
-118
-61
-181
-58
-117
-87
183
-56
96
-241
67
-267
-92
58
106
-243
-245
68
-94
72
84
-161
-194
-239
114
-55
-137
-60
-187
-239
-244
-54
68
61
-146
-60
-53
-295
68
126
-51
92
-97
-156
76
-451
-54
-86
-50
51
-64
-109
-64
143
84
67
-54
193
-149
-250
69
-52
169
-54
-110
145
166
-54
98
-51
88
-116
-250
-58
-246
-60
-240
-54
-56
57
50
77
58
-257
87
147
-320
173
96
-62
-195
70
-126
80
-100
-66
60
85
-71
-118
57
160
-198
208
-67
-81
-431
-249
-269
-123
-254
-61
58
-131
53
-143
74
-59
211
134
52
59
-60
-66
75
61
-611
-262
86
89
-321
-100
-87
-209
-202
181
60
-167
-56
125
-242
58
63
-193
152
97
-134
107
68
-53
-276
-92
-66
-299
-104
-307
177
-140
-144
-244
-179
-61
-141
90
67
-85
-85
-192
-246
-56
104
-266
108
-146
-375
50
72
91
-323
132
-58
71
-156
-69
61
66
52
56
116
78
74
-68
154
-84
-54
-110
-113
73
-230
-137
-276
-74
-240
-116
61
-135
-64
-81
-210
-56
-508
-356
-353
77
-53
-194
-158
-128
53
-60
-248
-92
89
-146
74
-147
-51
58
50
-94
-84
-172
144
-55
-120
-84
-102
-88
152
-226
-111
156
108
63
-267
-74
65
-98
-92
-94
-50
55
51
-54
-157
-126
-96
107
-298
-320
51
-54
-111
-51
-168
-264
65
-57
-231
-151
88
-156
-207
-64
-170
93
-88
-55
-620
-67
74
-305
84
168
-121
-208
72
51
-58
-409
-133
-100
-209
-89
51
106
56
52
-88
59
-51
-536
-96
-396
-87
-83
-218
-93
-60
-161
-75
-501
-294
52
-70
-401
-81
-96
-194
75
-145
-55
-106
-210
-70
120
-66
-208
-76
99
-99
130
-52
-394
-66
-53
136
97
-70
65
-110
64
-237
-280
-72
-249
-93
-243
-203
-58
88
-60
-234
-82
-59
-197
63
-96
-56
-141
50
125
-173
-388
-125
-62
-165
-54
-136
-127
-75
-139
-112
51
-136
-137
-100
-73
60
88
-146
-91
-374
-260
-238
68
-272
-238
-117
107
-131
144
-99
-63
-68
-53
-62
-60
-155
-465
50
-92
-162
-94
-107
-169
-116
-193
-150
-109
-88
-193
64
107
-66
-203
-325
-50
-60
-250
-89
-240
-90
-205
-54
52
128
-183
-118
69
120
-167
-180
-56
-179
-150
-366
136
-60
-98
59
62
-89
-203
-244
-106
56
-52
94
100
-56
-131
-55
-187
60
121
-66
-188
101
127
-162
-52
71
50
-134
-61
-88
-177
-142
82
-99
84
-57
-72
59
96
175
61
-224
-66
190
-167
77
-195
71
-50
-77
-347
65
62
60
-141
-252
67
74
70
-58
57
-90
98
-234
-69
86
52
-110
100
145
-248
70
-50
-91
125
-182
-68
53
-575
-87
-168
-116
110
-55
155
55
-74
-123
59
119
-324
74
-56
149
-57
-50
79
-158
-217
-63
-243
-54
-106
64
-62
-345
-155
158
-167
-272
85
-55
164
-92
-407
82
124
-94
58
193
-145
-96
86
-194
-50
144
54
-52
-103
54
146
-176
-253
-193
149
56
-76
53
69
95
-57
59
-134
-82
141
-253
78
99
156
-69
-243
-329
52
126
-58
57
-143
139
100
-552
-70
179
-77
205
-60
97
-170
-62
-241
86
-74
-91
63
-431
-263
-50
82
76
194
178
63
-257
64
-142
-246
-216
-54
103
142
61
-264
-257
114
116
-244
-62
73
74
109
180
-165
-69
77
77
-60
-54
-53
-110
94
63
-98
53
-239
-87
-68
-88
70
-68
59
51
-68
-191
-430
61
147
-55
-192
176
62
-96
-498
72
117
189
134
-57
55
91
51
-221
-50
-55
65
109
-58
57
77
154
111
87
72
122
86
-176
-88
151
205
-133
50
-241
-279
-137
-231
-66
69
-53
-93
-64
-116
-92
62
-50
63
-241
-53
67
-253
-309
-59
-253
-297
-482
99
-262
-57
64
-84
160
-134
50
-65
80
99
204
-85
127
-175
149
146
-253
-100
-246
81
-54
-232
92
50
69
-57
59
-64
-239
-370
-267
-73
-257
-56
-257
-245
-397
-680
-393
-138
-155
107
62
55
-54
-54
-373
73
-233
-229
-109
68
-452
-51
-221
-137
-163
-234
-107
133
85
112
145
-55
87
-282
-86
-69
-240
-52
111
-176
150
-179
109
-252
108
122
76
-95
-74
69
97
177
-276
-277
106
130
-52
76
82
-309
-294
-74
93
82
129
57
75
-60
-91
51
-237
-68
-60
-405
60
105
-222
-270
-103
68
51
53
-91
-302
-80
62
110
-228
-244
-244
99
68
-102
-101
-283
-291
-90
-237
-81
66
-54
56
60
-113
-65
-101
69
-246
-95
-190
51
-128
-167
71
-230
87
-380
-56
72
-169
-61
-124
-50
145
-267
-181
-316
-52
-61
-419
-83
-263
-59
-114
-144
-52
-199
-121
120
-156
-58
154
-76
-94
243
-425
-81
152
-122
-354
-58
-120
-84
50
-200
-288
-171
-77
-201
-345
-67
-153
-66
-60
-101
-112
-142
-141
108
-176
-315
-61
-163
-162
-149
-200
-69
-162
-90
-164
138
-244
-217
-145
287
-256
-196
-190
-101
-88
-70
-159
-317
-62
-244
99
-90
-69
82
90
-170
-76
-52
-69
118
-191
-79
82
88
74
-67
-138
72
69
-112
57
-72
-100
-100
-54
-131
53
128
-60
94
-50
50
75
136
-100
178
-116
-71
61
-50
-302
-50
-233
150
-79
-59
-289
-58
-77
71
-57
89
-76
53
63
85
-85
176
-52
-351
-221
-76
169
-288
-216
67
-100
-75
-60
51
61
-102
67
55
51
-221
-133
-229
142
71
-664
-276
-54
-79
-415
-241
53
61
-108
-250
-86
-138
66
132
106
-61
-52
-84
-146
57
-61
-60
-96
-201
-101
-69
-54
86
-215
-244
98
56
-60
74
57
94
-247
-113
126
62
-245
-57
57
85
-56
83
-71
169
-51
-79
-103
-367
72
-203
57
79
65
-72
129
-122
-96
-98
-96
-360
94
62
-179
-186
-174
73
174
-271
156
-140
168
-63
-610
-136
58
86
-56
63
-257
52
-138
-56
-110
105
-61
-108
-244
77
-177
-245
77
-119
-217
-242
109
57
-257
-62
-75
82
-424
60
52
-100
-219
-160
-60
69
-257
77
-245
-119
161
-207
-114
-58
-54
-77
-63
-85
-58
-80
125
-55
-271
-92
-107
61
-61
-339
58
137
-120
76
-92
-505
-192
51
79
-105
90
-57
61
87
-95
107
-53
109
90
-257
-240
-53
84
-248
182
98
-54
63
-63
128
-56
51
-255
151
-60
135
-54
130
189
59
-98
-76
-64
-299
89
-187
-145
-242
148
-96
57
107
-296
-254
-254
111
118
66
99
-60
107
87
94
-51
55
161
75
142
-307
52
-109
59
-77
97
-190
216
177
125
119
-211
-52
54
84
-82
90
-244
-227
-66
-53
-174
-56
-239
113
-56
54
-54
81
107
134
-247
76
177
-375
-122
-243
-488
99
-120
92
108
175
68
-58
190
-652
58
79
123
-62
85
-57
78
-132
-66
77
-249
-248
-162
181
-251
-78
-51
53
80
-270
66
-252
-257
-342
-50
-248
-82
-218
-354
-149
90
-240
-256
-81
-75
141
93
56
-63
77
-71
-177
192
53
-52
66
-242
-324
-244
-309
-50
56
111
51
185
-173
94
166
-266
145
154
-52
56
54
-52
55
-106
-71
184
125
-235
-56
81
77
-203
-99
-635
-410
68
-395
-54
-52
50
76
-104
-241
146
-166
107
165
-164
-266
-107
-250
-85
-107
66
63
-62
-54
92
68
-147
120
-69
53
105
128
212
-261
-51
-336
71
-129
-255
-60
67
65
-231
80
-52
82
53
-88
70
70
-50
-67
-135
-142
-53
-65
-145
-100
201
71
107
-320
103
-181
-52
-60
-207
-247
-373
81
-183
108
-241
-66
59
72
-104
-131
68
57
-70
-76
-71
-68
101
101
-114
-72
-513
-240
54
-93
256
235
-66
80
-108
-160
-68
-77
-88
50
65
53
-101
-134
-60
52
113
95
91
151
-90
-161
-80
-55
-256
-110
92
116
60
77
-146
-412
139
-259
-126
-133
-98
-231
-116
68
-457
122
-129
-287
59
89
69
51
50
109
-74
-204
-100
-95
-51
51
-251
57
68
234
75
-100
-54
133
84
-455
-64
-131
-72
84
-123
187
73
-90
73
117
-110
-94
-398
-70
-139
-84
-75
-152
-58
-269
-263
-52
61
-425
-493
-170
-455
92
-184
-53
-333
126
-234
-54
-56
50
-229
-222
-243
-93
127
-177
-64
-253
60
-99
55
86
-187
59
57
-253
109
-101
-81
-132
-59
-70
-474
-134
-60
-65
73
-58
-139
-102
-230
-149
-136
53
-91
-58
78
121
67
-109
71
-78
54
-145
70
-52
-113
75
-227
61
122
112
60
52
-272
-330
-379
154
-192
51
-572
-238
181
-75
-263
77
-174
69
96
66
56
-351
103
93
196
-68
-89
-309
94
-247
123
76
-55
51
-60
-245
51
-245
130
-249
-106
95
-50
56
-85
-51
-77
-56
-432
-101
-301
-116
63
-96
-272
-59
169
-83
-241
61
121
-156
-78
182
-58
96
55
-114
-76
-288
58
-81
-137
60
75
-65
-311
123
-220
-55
76
-245
90
-50
-114
-288
-107
67
-454
63
-50
117
-254
-51
68
-78
-180
-73
194
-81
55
-74
152
56
-354
63
81
-225
57
-194
80
137
63
184
-289
-51
-245
64
-58
-112
69
50
-50
-140
153
-371
-98
-250
-181
89
-219
83
-201
94
81
-242
67
-245
61
139
-56
-213
-270
166
-67
-54
74
131
-262
-59
-64
-79
150
-50
-242
-259
81
139
-252
-239
110
183
-69
-180
94
-60
-50
63
65
86
-470
-246
-90
-60
-287
-87
86
-54
-259
-278
-51
78
-54
73
-50
-208
-146
-50
122
75
93
60
-245
106
79
134
-109
-242
-82
73
-96
72
-238
-333
-50
-241
-101
-290
-126
-52
114
-64
-110
-392
-320
-69
-51
-245
77
-254
-352
-244
70
78
-72
100
-123
-831
-232
-59
145
-73
-411
-253
-188
-378
-77
-57
85
50
-58
119
-596
-183
69
-81
-87
67
62
-83
-295
-54
-382
-70
-63
86
121
147
135
50
64
-255
83
-74
-241
-249
68
-98
-116
-228
-112
-79
-197
-75
52
-78
-51
159
106
-262
93
-95
-514
-251
-307
-243
-61
65
-242
-455
197
58
-60
-238
148
115
102
-54
100
134
-408
-197
60
169
62
-185
-60
77
-79
-56
52
-235
-212
108
-324
71
-136
172
-53
-117
-52
69
68
-60
-180
93
-143
95
-492
-258
-85
-70
60
-82
56
-100
-114
-317
81
-115
-81
-242
60
72
-68
-75
57
-159
-52
-204
71
-121
60
-76
-625
-104
-364
-158
-273
-87
90
88
60
85
97
-75
-68
-53
60
77
-100
-81
-87
-142
-66
-66
-207
-71
-395
-339
-118
-281
-56
77
-173
-51
-122
-106
67
111
-115
-55
88
71
-50
-58
-54
-133
-154
-144
56
-416
109
-115
-112
66
112
-130
-101
181
-787
-79
-678
-223
-89
51
-63
-132
-183
-134
-151
88
145
-168
-117
91
165
-264
-62
-55
-93
-77
-111
-152
-90
-84
-56
100
-50
-92
-52
60
-54
-117
-141
-76
63
-97
-58
-50
-298
-79
-55
150
106
217
94
53
-51
-78
-104
-240
-51
-75
-50
78
-254
-127
-66
-90
73
69
114
-298
-172
-100
129
-50
-55
-73
97
-78
54
108
-160
-191
62
-276
-63
-284
-184
-131
-54
-190
-161
51
134
-65
180
-52
-102
-57
-52
-117
-108
-78
99
-243
65
-319
150
-52
-79
-81
-50
146
139
-252
135
73
98
-102
-188
-82
103
81
83
-275
-66
-99
92
-92
101
-107
-101
-123
-245
-58
-54
161
-92
-52
67
-170
-447
146
-61
-70
-338
-66
-259
-155
62
88
-419
-54
56
-82
79
-246
-58
-73
-101
-53
203
-235
-306
-80
-278
-106
69
-243
-257
-152
-244
143
-304
-243
108
-90
-212
81
164
58
54
-242
-242
-104
-102
113
95
-105
-68
-232
121
-223
-261
-76
-123
191
-166
-50
-80
54
-435
-190
98
-267
94
-161
-167
85
61
55
78
-242
-57
-64
-50
-260
-74
-52
-67
-175
-68
54
92
84
-182
66
-251
-137
-58
-244
-96
130
51
-70
-60
-82
-202
63
-120
-163
77
59
53
-88
163
56
-76
-87
-67
-131
-105
-266
107
-55
-141
-66
77
-253
94
-86
-87
-218
-123
-235
169
119
62
-168
-74
-244
134
-320
52
78
-242
-243
98
-239
-653
-55
-68
-117
88
54
83
71
56
63
-129
-248
-65
-99
-323
113
87
116
116
-83
-300
67
-200
-59
61
-50
63
-376
-425
84
-230
-259
-62
-291
-332
93
69
68
74
51
-262
111
-122
-320
-264
-85
62
88
58
-325
71
-150
-304
-237
-98
90
-97
153
65
54
51
-113
-103
60
-209
-56
93
-246
63
-67
55
51
-51
66
-102
-175
140
94
81
58
96
-78
79
139
-64
-64
-242
-81
-395
-50
152
89
-59
-138
112
-65
86
160
50
-252
-91
51
106
-72
-402
-111
183
121
-124
-71
192
167
60
-246
-121
-520
-106
-71
-67
-215
-86
103
-197
57
-62
55
85
-106
-109
92
93
-51
-129
67
-64
-190
-143
79
-179
62
-58
-243
75
-99
-318
56
-91
-151
-139
-242
-578
-183
-62
-78
-194
136
-280
72
83
-50
-64
-611
-436
-132
-208
-61
-263
-51
123
95
75
163
54
118
61
-256
-335
66
-268
-135
-162
-73
-223
178
-421
-141
154
-151
-150
64
-67
50
50
-107
-239
-93
72
194
91
-53
70
-90
58
-132
-53
-230
-680
84
-254
72
-258
-561
-85
74
197
-96
-193
-90
-258
-58
-237
104
-74
64
-157
-58
-50
-98
90
92
-72
-96
64
-59
-251
-251
86
-134
-113
120
98
97
161
-232
64
53
118
53
194
108
-345
-155
-246
-239
108
-243
-91
-346
146
-332
67
61
-69
51
-81
153
76
-103
148
-268
-55
-103
-143
-319
61
-260
77
62
106
-58
-50
-79
94
76
-54
-102
-59
-247
-167
-61
-241
51
56
60
56
129
-50
-88
-103
65
-63
-189
58
190
-266
56
122
-84
-168
92
89
88
-206
-85
-55
70
-419
64
-247
-241
53
-290
105
100
70
77
134
197
-57
167
67
-219
85
55
60
114
-58
-64
-60
84
50
-100
-50
-335
-73
-85
-54
77
-82
-110
-77
-94
-67
79
-239
-50
154
-138
64
85
-99
-472
-486
98
-298
61
-56
-57
86
63
-326
189
-320
-51
74
-178
-83
-183
59
-150
146
-105
53
51
-97
-90
164
-66
50
61
-243
69
185
-64
103
177
103
-58
136
-568
-245
-136
-135
101
-91
-80
-55
-80
51
-256
-74
-219
118
-63
-183
192
160
-57
-240
-168
-167
59
-234
94
109
191
85
-256
-93
-101
-221
-195
77
-104
-59
86
237
-83
-246
-60
51
-64
84
72
122
-79
-55
-127
56
55
164
-160
135
69
-183
109
-429
-79
-107
92
-62
70
168
-64
-229
-56
65
-77
92
98
-68
-247
69
-52
-52
125
176
-79
-109
-70
-60
-114
174
55
75
116
-83
-53
-68
-65
-181
-161
78
-271
54
67
-145
94
68
-62
-62
-218
105
-154
-131
-57
-55
-239
68
-301
64
86
-94
-185
93
-100
99
-150
-51
75
-51
85
142
-417
137
-88
-58
-254
-862
247
-106
55
-252
-51
109
-87
-87
-65
-171
-78
-55
58
-284
56
-52
-99
58
-72
-58
-56
-206
52
-189
-72
-144
73
51
58
-94
-67
55
80
-100
-126
68
184
-96
51
70
-231
67
62
-204
-237
-255
-54
-116
50
-217
91
-50
-136
-111
-64
-218
-58
167
-227
-80
68
190
-355
-164
-89
-113
83
-124
-79
-242
126
-55
-63
82
-56
120
50
-195
-172
-66
-68
-59
-319
-258
67
-243
-147
-74
-117
-151
172
-83
-78
-164
59
-73
-92
-217
68
93
-103
67
-253
-72
80
-214
61
-51
-159
-62
-69
-92
89
-283
-278
-405
-80
-268
-68
-101
86
76
93
-85
-80
-52
170
-100
75
58
-63
-379
-99
85
-235
-312
123
-61
84
61
87
118
176
-250
129
-118
105
-52
-244
104
-75
146
-420
-321
55
-170
-61
-105
-80
-53
-115
-331
78
50
-304
-52
200
-215
91
95
-119
-241
-329
-67
-264
-56
-63
-276
-533
-257
65
-129
152
52
75
58
-253
52
-254
61
-248
126
-191
-99
-104
-133
-51
61
-65
55
-245
-127
-249
-280
-126
-56
95
54
100
112
50
-243
109
142
-189
-207
-113
71
160
52
74
-52
62
143
-80
73
-258
-74
-66
-114
-62
-268
-66
-53
87
81
-164
-118
-249
-52
-84
207
61
52
-87
-62
-70
-233
-272
125
-105
-288
69
-207
114
106
54
-123
-57
-118
70
-89
-75
-62
-63
106
-126
-69
86
54
-148
-251
146
-85
-231
-181
-58
-51
79
127
-263
-208
-239
-254
-247
-137
57
-236
-125
50
-177
-94
-174
78
-70
67
53
-82
53
-51
-243
93
120
-169
89
-55
-138
-109
114
60
-247
84
106
-238
-50
-130
96
114
-128
-114
-281
-209
166
97
-139
58
-303
98
-96
-87
81
74
150
-89
-106
133
-202
137
-244
-58
83
163
-594
70
81
160
-103
95
93
-252
64
106
-53
118
68
54
-83
-58
54
-62
-92
-57
89
123
-175
-127
-161
-406
-140
-83
-189
98
-226
-90
162
-102
57
73
162
153
116
-256
-51
-83
160
50
-67
50
137
53
-54
-72
52
126
51
-52
80
-236
-245
-431
-233
-79
-54
-94
-104
145
-50
-189
54
-295
-90
-348
136
-86
-106
107
101
-50
-85
-195
157
-115
115
-85
-168
-103
-265
-110
-59
52
-56
53
-156
-83
-65
-264
-110
-120
-52
104
72
-136
-164
118
-72
-247
-64
-143
-75
-283
-96
-86
114
54
-50
-256
-90
52
-55
58
80
-134
-300
-71
-276
-207
61
-240
94
108
-60
-105
-84
171
58
-337
-431
-126
-326
58
73
-57
-52
-152
-50
-244
146
-383
-315
-298
86
66
-204
-346
118
74
-194
95
-247
-69
-123
-168
-80
171
52
-254
-287
76
181
102
-235
-393
-172
-464
-127
116
-240
94
-58
-50
-52
-85
141
169
102
175
59
-245
-163
-402
-59
-60
69
-57
-67
-110
-56
55
-56
-126
95
-175
-57
100
-104
159
-242
-51
173
-448
-60
-195
96
72
141
-154
55
147
-255
54
-96
-50
-211
-52
-239
-144
-299
-62
-197
-76
50
-86
67
-478
-86
113
95
-58
-84
-50
-277
50
67
60
55
56
-240
-242
-51
152
-94
112
-117
52
-460
80
-51
110
-66
-128
-54
154
82
52
52
-170
70
179
57
-406
52
-203
134
-62
-58
-218
159
-202
154
-144
62
102
78
75
-130
80
-141
-300
-322
71
-50
-77
-242
-243
80
71
125
84
-246
-75
-50
81
89
-284
-60
90
66
-73
-125
-107
-295
60
87
-264
-58
65
167
-58
-60
-84
-80
-71
-55
77
72
-327
92
61
77
-55
89
85
62
-116
52
-86
-303
-52
-54
-69
-504
-59
-80
-74
53
-50
-240
-143
-140
129
-68
93
-156
-235
149
-87
65
102
91
174
-68
160
-72
-58
-61
-79
-358
-62
188
-130
-143
375
-80
-252
53
88
116
-243
-52
57
83
-194
169
89
-84
193
-292
64
-217
90
100
-120
-65
-102
-188
106
-65
172
-78
71
-82
57
-50
-134
-151
-78
-70
88
-228
55
83
74
-236
-211
98
-85
-56
-70
-168
-365
58
50
-247
94
147
-51
82
-59
51
-53
-54
145
-296
51
99
62
67
52
-54
-191
-63
199
56
-189
-67
-74
51
-67
-95
112
-297
-200
-111
-318
-50
-164
-279
-83
-250
84
-106
-220
74
-70
-109
78
-173
-191
-81
-58
-171
-80
-68
162
-105
-294
-62
-59
-318
73
-199
-52
59
-276
-122
-190
-80
64
129
-122
-335
-221
124
-56
190
-122
-54
68
-101
58
88
54
-78
-94
-255
-100
-197
-249
-97
57
136
-65
84
63
64
60
56
-81
60
51
65
-141
-102
-112
61
-64
-195
51
-111
-63
-208
-194
-51
-52
-76
80
-53
64
-181
-71
52
-57
-54
-68
62
-386
80
72
-55
54
54
-54
-88
-94
-153
-53
69
199
-86
-52
-51
-95
-95
-131
-165
193
-63
-252
-162
83
-139
-95
95
-294
-50
184
-241
-100
108
-113
-161
-151
-61
-62
169
-253
-90
-108
-59
-71
-574
76
204
52
-73
-55
-124
-94
67
-63
-188
54
-134
-113
306
-166
-227
142
103
71
-65
-244
-303
-88
-134
69
-58
-211
-60
240
-67
-100
-69
116
-537
-68
51
178
52
-51
84
91
-117
119
70
-80
55
-436
-208
-80
-571
-99
-231
220
161
121
65
134
95
83
-352
-182
-70
-57
53
79
-102
56
63
-423
-57
-81
181
107
-64
-156
67
-147
-242
-227
62
-50
72
159
-135
138
-118
-50
201
-109
177
-392
-60
-75
-57
-225
-242
177
-87
-84
56
-78
143
101
113
-60
-119
-186
129
168
-50
-350
85
-64
-300
-323
71
-246
-238
-92
-210
78
52
86
69
-316
-194
-294
56
-63
125
158
-56
60
-269
146
-72
-140
-221
-503
58
-265
-532
117
50
-51
-250
-123
-50
-65
-256
-120
53
-68
-672
52
-74
-136
51
-256
-60
-294
52
-250
-119
-61
69
87
-285
74
-73
50
53
62
181
-239
-256
63
-244
73
-114
-54
-143
-51
78
-96
85
62
60
-87
105
-167
-168
-355
-244
60
60
81
-50
91
180
-282
-246
-70
73
-100
-459
-181
54
-83
-239
-256
77
67
92
-253
-106
-121
64
-125
-120
52
-108
84
-61
-234
-52
-359
74
70
-246
123
-247
-88
69
-88
-58
-54
-506
-59
-388
53
54
-66
-245
60
87
-60
-141
-145
-59
51
-95
-241
137
68
-60
51
134
-82
-81
70
129
93
-172
-125
-50
187
-101
-247
93
113
-691
109
80
-62
52
153
-77
-201
-50
-245
-256
63
-240
-239
-85
84
-252
-148
63
-241
-266
-51
-98
129
180
151
73
119
101
-50
114
169
-54
-229
-75
-161
148
-135
-241
-147
-247
109
65
96
52
-246
-66
57
-64
-307
83
-163
-120
-133
74
83
98
123
-92
-88
-73
-55
-192
73
203
-104
-131
-155
65
-639
53
68
-61
-177
52
-101
-82
-295
86
56
152
137
122
77
-71
99
70
-324
70
-62
66
-54
155
-230
-401
-54
124
-88
-289
57
-355
90
96
175
142
61
-241
-62
67
-56
-286
63
76
-177
75
50
60
76
66
172
123
-282
-50
55
64
123
-116
-81
-59
59
-179
-94
-55
-94
-59
-51
-464
59
-50
-257
-382
151
308
-111
-63
-52
-204
-158
93
-80
53
-77
-136
-307
65
-163
-364
75
-286
-73
-66
50
-264
-101
70
105
55
-86
-110
-170
-231
-69
-94
129
-80
-188
94
-58
-246
-86
-83
-80
-98
-174
-56
-52
-80
132
160
64
61
85
63
-140
-53
-231
-422
-156
-102
53
140
-396
-246
-159
-124
-93
188
-89
-136
-85
-55
-71
-67
-55
-57
-126
-299
-88
88
-138
-216
52
-58
-91
-64
-380
52
-300
121
-212
-103
-57
-253
157
-50
-182
53
107
-120
98
-248
-216
-226
-50
-54
51
-302
-68
-110
151
69
53
-240
52
-83
65
-52
-112
78
-84
154
-207
82
-88
-52
109
127
-74
-201
-83
51
-314
-275
-59
-153
56
124
-65
152
125
98
89
-54
189
-573
-76
68
-52
-67
185
59
-56
-96
-54
-424
-224
-81
93
-251
94
77
-69
-98
89
-65
-132
82
133
-98
70
169
-54
-255
-63
169
-90
-296
-182
-469
-246
-87
-304
-51
-257
86
98
-67
-299
52
-58
120
-181
-54
-433
164
62
-77
110
-243
-120
-50
80
-248
-258
-170
140
68
-93
-118
90
82
-170
-393
87
73
92
52
-127
59
60
-129
61
-83
58
-118
177
58
-128
-56
-400
-406
-153
80
-62
-50
57
-58
-70
-177
53
-480
59
120
-235
-201
180
62
94
-225
64
-97
-215
150
-364
-581
-54
61
-161
74
-54
171
-204
62
-179
56
-54
60
-66
-63
-131
-309
72
-171
66
-117
-94
-96
-148
116
-160
-239
-555
-52
140
-70
-244
87
91
-57
173
-243
80
146
-56
130
126
-91
-96
53
52
-50
91
-232
65
62
53
68
62
61
94
136
-198
-61
105
-138
71
-139
-60
-69
-52
-151
140
99
134
-111
-88
-71
-288
-120
62
63
-67
-373
68
69
-66
-398
191
-61
-252
-103
-52
-245
59
-72
-293
-242
-58
-57
57
-95
108
-89
129
60
94
104
-98
-458
-250
-228
-124
-159
-380
-258
-280
-242
-98
-85
-238
135
-56
145
-244
87
-324
55
-239
-82
-68
99
-243
-159
-68
-91
-105
129
-159
78
-242
57
65
79
-246
173
-432
-308
-341
-67
-652
-105
-54
-161
-228
-255
-381
-53
-62
-99
-92
83
152
-243
116
-243
57
-90
104
113
68
-483
69
-50
136
68
64
-81
121
-53
-338
-75
-295
-73
58
-110
67
-71
-74
-168
-242
-59
108
165
55
-50
131
-55
122
-99
53
-58
63
-58
-193
-55
61
-97
146
85
-50
-62
-78
-70
114
-259
-54
59
136
-86
84
66
-209
61
-64
64
76
-258
-169
-254
-303
-70
-249
-225
74
157
68
-105
-58
114
-155
130
-57
-51
-211
-62
129
-384
102
87
-51
52
70
-65
-119
180
-183
-188
69
157
-361
-65
-56
-348
-149
168
-359
61
-114
72
-54
-51
-150
-58
-78
84
197
53
-281
118
-182
230
-58
-395
-66
-87
85
-73
-66
52
86
126
-65
-69
-312
-197
63
-245
-223
-53
-54
145
106
-96
127
72
-63
83
-175
-309
143
79
-85
-84
-52
-86
-56
103
87
-185
-54
-132
66
82
68
-247
-111
81
-77
-122
74
-153
63
-259
-101
106
-315
-82
-142
-106
-189
95
-149
65
61
115
-150
111
-160
57
-53
-52
-607
-86
68
105
-248
137
-243
155
-52
-147
-267
81
-85
-222
-558
-50
-98
-100
60
98
86
-242
-205
-70
-96
-142
-221
-113
72
78
60
-255
135
70
-75
-76
103
71
94
-212
-510
58
-58
69
-51
-287
62
-52
-397
79
-321
55
181
-421
-58
-256
-63
194
-113
70
-50
173
-241
-66
-172
-220
94
130
-153
63
-171
-51
-130
83
-50
-120
150
59
-57
-284
-91
53
-88
-614
-121
-50
-139
-108
113
51
-146
-61
168
-311
83
-730
-218
112
-97
-155
150
116
-63
-55
-165
-154
-67
68
103
52
-253
75
-223
186
-56
84
67
-60
63
-382
-51
60
-60
-142
-70
74
-92
74
140
-88
130
-148
-166
-50
-88
-73
72
-144
-153
-63
-205
-84
-101
-61
88
-69
-196
-108
-80
-59
-56
50
-191
140
-100
54
-60
-279
-57
-68
-62
76
-120
82
-82
-440
68
106
-100
-174
-226
-81
109
-173
-184
-138
-66
-110
-58
-406
-79
63
-50
-60
-270
-192
-89
-53
-62
-84
-91
-99
-51
-72
-265
-86
57
-457
51
109
-63
80
-141
-65
130
-112
-117
67
121
-194
64
-305
-70
-446
-285
141
59
-76
-249
-55
-599
85
73
-66
-67
50
-412
135
89
78
-160
-547
-52
-239
-88
52
-336
-54
130
52
-73
83
-74
90
-257
-134
-693
-125
80
-368
-89
-129
56
-58
-75
165
61
-250
-168
108
-211
-244
161
-109
-238
122
-105
-172
-130
-120
75
86
53
-134
-71
-247
-121
-161
63
190
-222
173
56
64
-322
-494
117
63
-89
-626
72
148
-69
-222
-70
-51
57
63
-89
51
-89
-64
81
-99
-247
-161
-51
110
94
97
106
-128
-56
52
116
-240
-102
-151
93
-437
-63
210
86
167
-243
87
88
51
71
-159
-59
78
135
-112
-223
-171
-97
54
-406
-252
156
70
54
-58
-139
-54
-243
108
-62
54
82
154
-249
-146
58
-62
178
57
-63
58
188
55
-198
89
-260
52
-307
-245
-247
-200
-369
-69
-248
-58
-254
101
-257
115
61
-249
-89
60
100
93
72
57
-238
-55
101
59
-290
76
-53
65
-183
-399
80
-311
94
-107
-257
52
188
67
50
-55
-121
-248
-255
134
51
122
199
61
-267
112
-151
50
69
-237
-188
-109
-52
-53
-166
-73
-250
92
-85
-81
123
-113
-138
-110
71
69
-232
-89
-254
53
84
54
104
-218
56
100
50
183
-182
-253
99
-68
-254
-147
-337
93
-257
-67
-148
-162
78
-247
63
-50
-128
58
120
-389
78
-192
59
174
-286
-210
-86
168
-256
-122
163
-98
-336
-188
-169
-56
-119
142
-244
-298
-50
59
107
181
110
120
56
80
53
99
70
112
-106
-160
120
134
150
56
-251
103
93
-74
-273
-188
165
166
-96
181
-154
76
91
-74
117
103
55
-186
64
84
-204
-223
-54
127
-53
158
-182
-54
91
176
-229
-96
-72
-57
-108
-504
60
182
185
-112
-72
-108
-88
-82
-157
-68
56
127
-94
-82
-65
126
-84
-119
-67
-74
129
-360
-206
103
-91
-331
-229
-116
-56
-94
-245
84
-129
140
69
111
-65
-63
-249
-648
-157
-398
-62
189
-86
-61
250
56
-50
-211
66
-51
85
-53
57
-130
90
-64
54
-52
125
-411
-80
62
-108
-50
64
-525
-305
-226
198
-86
-225
-78
-68
-92
75
81
-89
63
-238
-196
159
68
-129
58
-254
-104
52
-62
-163
-78
-57
-57
59
150
161
74
76
155
76
-337
-59
-139
-78
63
-55
-76
68
83
104
-66
-78
-54
53
-54
-64
-221
54
-265
127
-79
-88
143
75
-179
-57
-168
-104
-92
-230
147
98
77
-224
-50
-201
-180
-96
-449
69
152
-51
-203
74
-62
-129
-99
-257
-214
56
-242
-52
-89
-251
-107
-129
79
-222
-214
-62
-246
-407
-337
54
-55
127
-55
94
-601
-317
-297
-226
56
-128
-249
-240
79
-51
-86
-472
-252
60
98
54
-55
-292
-89
-306
56
-228
-131
125
-203
56
-53
-157
-338
126
-73
-205
119
-435
57
52
77
-256
-128
95
-115
-110
60
-310
103
-405
-299
-286
-115
-69
-322
-437
-223
-64
-124
128
98
51
-82
-401
101
-50
194
195
-262
-250
57
-96
-240
130
55
71
-163
-51
-72
-249
-57
-245
-129
59
-80
92
-54
-61
-142
-244
87
104
-225
-95
-86
82
67
83
-378
100
-51
-154
-50
118
68
-245
58
-644
57
-121
75
-285
-165
87
82
-52
56
-128
-58
-103
-63
-58
120
-59
65
-211
-51
116
68
-241
81
66
56
-255
-173
-157
-246
71
-57
-69
-168
-255
188
51
-52
73
50
-84
71
145
-63
-60
119
50
66
-53
-81
-53
-71
-54
88
124
114
-212
110
66
-111
-246
62
-59
-119
-241
-173
-71
-178
-72
-105
-124
-260
-78
-50
-197
-240
-252
-54
-376
-84
-244
-99
166
-243
71
-82
-438
78
69
-216
-76
-127
90
-65
-71
94
67
68
-120
-93
-75
59
66
169
-53
56
115
-122
68
-162
76
80
65
-242
173
54
53
-98
-97
-307
-54
159
181
96
-176
88
-78
-109
-52
-110
-135
79
-94
-54
85
158
-249
-135
98
135
-173
-65
72
194
-150
51
90
-80
-64
-350
-289
-136
-314
-218
52
-371
-92
-78
-186
-98
119
-76
-183
70
59
88
-121
77
114
-160
-143
112
-301
-420
64
-251
-57
212
106
65
-259
-287
-243
-244
-60
-185
-85
53
183
129
64
-153
-53
57
-317
-54
-244
-127
-259
-243
58
-239
133
175
90
-60
95
-77
164
-55
52
76
-54
-54
-63
67
61
-629
-218
135
-246
77
72
-125
-72
92
118
-237
-56
122
63
112
69
-317
82
-245
-363
79
-120
116
-140
60
-415
-53
50
60
-145
-136
-93
-386
107
-126
-246
-66
-61
-67
-125
-272
55
129
56
-233
-171
75
154
53
51
-167
-52
-259
106
-304
-215
-87
-63
80
-70
-184
184
127
-88
-129
-79
-61
126
72
-121
-311
134
-248
-240
137
-256
58
162
61
254
91
-245
-77
-249
134
-52
-96
-127
128
-166
-246
182
-235
67
-157
61
138
-90
-245
-68
52
-102
95
93
69
92
-131
62
-250
109
52
-171
-355
120
95
82
111
-65
52
-106
51
-50
-74
-223
-312
51
85
137
-155
108
103
-144
-57
137
-159
72
52
105
56
-259
-54
-54
-84
-61
-317
-73
-66
58
-231
-66
-84
-80
64
-83
64
157
81
105
-197
72
75
-69
-209
-265
77
78
65
-53
72
-189
-132
-161
-53
-62
-362
56
-340
56
-232
-70
61
-62
155
-321
-258
189
-65
100
-239
-332
55
87
-179
-89
-55
-83
-293
-234
-237
-233
152
-271
-91
-221
-58
-197
-433
-142
-71
-58
-107
84
-108
-155
52
-99
-340
99
56
-533
-341
-257
-131
-71
57
-91
-315
-58
94
112
180
-328
-255
-229
116
-80
-480
59
-66
-247
68
-270
59
-91
66
57
73
-193
-119
-63
-152
-383
93
-54
185
58
-95
-78
51
-75
56
-83
74
-190
108
-153
-300
73
50
52
-83
-380
-141
-203
-54
-131
112
64
185
-128
-150
-331
-162
-404
-234
-56
100
-135
-67
-77
-251
-206
-54
-122
105
63
107
90
-127
-61
-68
60
-77
