-95
-163
-78
-251
-92
-230
-230
-118
-384
-184
-51
-263
-75
-65
-59
-206
-226
-108
-505
-88
-63
-130
51
-154
-500
-397
-112
-85
-110
-60
-66
-93
52
-233
-137
-499
-294
-241
-66
-82
-81
-99
-107
-173
-244
-286
-624
-218
-143
-64
-96
-208
-217
57
-244
-74
-149
-70
-123
-273
-217
-278
88
139
-123
-50
135
54
-91
102
90
-340
-52
-54
-245
-250
-218
163
70
58
63
111
90
54
115
57
55
59
114
-51
71
-179
-83
55
146
-161
58
90
-55
-157
-179
-51
-176
51
-136
116
-68
50
-125
-86
51
136
138
-80
51
96
100
-114
56
-335
-76
66
68
-282
-420
56
72
102
-107
133
-175
61
-80
50
120
97
-74
53
52
65
-108
-235
108
53
-75
-167
-445
-100
-482
58
-219
-671
-205
-79
-531
69
-120
-275
-179
-113
-173
-348
103
-213
-120
-85
-317
-63
-261
-50
-125
159
-449
69
78
-351
61
-73
-88
-80
-81
-260
-53
-65
-257
113
-70
-79
-67
-259
-596
-165
60
57
54
168
99
-109
-247
-121
-210
-62
-155
128
52
-245
-172
63
106
119
83
-187
64
-62
74
-205
-131
78
-111
-50
-297
-92
-192
-91
125
-234
94
52
140
67
-247
85
-431
64
66
152
170
57
68
84
-363
-52
-72
54
71
89
-87
-110
123
-58
63
97
-73
80
82
108
124
-50
87
56
-53
54
-132
-103
-59
132
83
-603
-247
52
55
122
-210
75
133
-72
-89
55
66
-101
-146
-178
-171
60
-249
-249
146
59
-74
51
-67
-108
50
-243
-104
202
-67
-319
-95
-93
70
102
-60
-95
-80
-152
-63
54
196
110
61
-53
71
-640
-62
64
-90
-351
-55
81
68
-50
-481
-221
-293
-85
-55
61
-60
-131
-74
-185
-115
66
145
86
-102
-457
-98
-221
-60
-135
-605
128
-186
-82
113
107
141
-244
93
-193
53
102
79
-175
-325
-478
-73
-238
55
-76
-75
-54
-52
139
98
130
50
112
91
97
71
83
188
96
-68
-489
-74
-55
-386
-54
-69
50
-246
-104
105
53
-52
-98
61
114
60
59
62
165
-213
-69
-52
-240
-73
102
78
50
197
-69
-381
121
59
75
106
-66
-68
-73
-163
62
-61
53
78
-53
-81
-50
-640
-131
-115
51
-173
172
50
81
-269
69
119
138
134
81
-51
62
55
102
-60
-314
-56
97
-58
54
57
-51
103
80
123
67
-63
87
-391
59
109
-50
50
-250
87
-308
-97
-129
-334
-54
50
60
-70
-116
99
-129
-197
-495
-271
-61
64
-96
112
-72
54
56
-120
79
67
-69
-529
-54
58
-74
-239
-252
190
-289
69
72
104
116
77
71
160
-257
73
-429
-51
-133
-285
56
-182
-262
177
-240
-234
-151
114
118
134
54
-57
-305
-134
108
-281
51
57
50
86
-78
-51
55
147
-186
68
77
68
-261
138
69
56
136
-82
-238
-355
60
-55
58
-96
-117
203
-257
-60
-116
-210
-176
-308
-293
-218
-56
-50
-180
-189
-483
-482
-82
-71
63
-96
-141
-168
-127
-81
-63
-402
-92
-178
-269
116
-90
-64
-221
167
-115
-60
-60
-447
115
-219
-153
-168
69
-73
-82
-119
-60
-135
-132
-159
-59
64
-102
96
-69
-81
-54
-54
63
-757
-55
-87
-564
-368
-363
-247
-421
-78
-58
-61
-234
152
-110
151
-163
-67
-86
-114
56
54
-51
-60
127
-158
68
-51
-53
64
135
113
-121
112
59
-70
112
-139
-521
-127
-239
151
-50
-242
-570
-234
-642
-62
-80
-64
51
-236
-180
102
104
-51
-59
-60
70
-66
-159
66
-51
70
99
-250
-79
-133
154
-60
-250
-60
-291
90
162
91
-50
-331
59
-127
-270
-673
50
-305
-169
-171
-155
-151
96
51
111
-318
-52
104
-410
-199
70
58
59
-50
91
73
-142
55
-69
93
-170
75
71
54
50
-111
-114
-104
127
-58
58
-358
96
-53
60
81
-267
-58
57
81
121
66
-55
-146
-51
73
51
-126
54
59
-229
-119
119
111
101
-71
-113
-56
51
-261
-57
-52
150
72
82
-226
78
-50
-51
51
-94
70
54
-55
-71
-50
140
67
69
-51
-140
52
-100
-298
70
-50
-112
-470
-106
-66
154
-251
-407
163
100
130
-72
-228
-157
-511
-60
-197
-202
70
70
-51
63
-672
-125
55
235
81
-96
-77
-294
-92
-100
-171
-79
57
-185
-52
-252
-292
124
-178
182
-199
-104
94
-265
-60
-95
-361
-250
-311
-66
-103
-243
58
91
175
-87
-165
-70
91
64
-222
71
-84
81
108
-63
-140
61
68
58
162
-80
125
-54
58
-67
-884
75
-325
-164
-58
89
61
-522
55
-78
50
-52
102
-72
-213
-59
-151
188
108
121
-227
168
177
-484
-321
-51
-203
100
88
61
-136
163
68
52
103
-199
-56
-291
-53
-90
-72
-67
90
-108
-61
80
-108
-137
-210
-60
96
-294
78
-364
52
-323
55
90
53
-136
54
-114
-70
-187
-579
-60
-77
-203
-140
-78
-68
-191
-133
-96
-84
-74
-53
-105
-87
-532
96
-109
-202
-52
-76
-119
-142
-353
-79
-191
-64
-224
-164
-55
-140
-141
-155
-171
-146
121
-76
121
-294
-482
-64
50
-99
-55
-54
72
-71
-161
-63
59
-138
-82
-173
-93
-100
-61
-92
-154
-58
58
95
-131
-200
80
142
65
-77
84
-100
-86
123
-398
-62
-285
58
-360
-56
194
-137
-76
64
-123
156
90
-76
-53
70
-54
62
-84
85
60
-249
-55
-89
144
-246
-127
107
-122
-88
-72
-50
-167
82
-571
123
-53
-571
-255
-54
82
-232
-240
-79
95
-114
-147
-252
-69
58
206
58
-173
-53
-50
64
-57
-319
-120
58
-250
-101
-266
-142
-288
-54
-130
-374
-258
80
-185
-247
67
124
56
52
59
-242
-203
-141
-238
82
182
-61
-96
-243
-94
102
-124
-301
-144
-289
52
-492
-57
-381
-381
-66
-123
133
62
-54
50
-115
231
92
-152
-97
-66
-62
-50
51
-100
-82
-56
-493
54
59
-68
52
-398
92
63
-120
150
102
-102
-60
88
-92
-345
67
-224
-53
-211
145
171
58
110
54
-130
63
-391
95
-205
175
91
93
51
-260
-81
-285
55
-82
-52
-53
102
-259
202
51
80
-79
-76
-102
-256
75
-127
87
156
-152
-55
-201
76
104
68
-94
-152
60
-53
130
-65
70
-260
80
79
-55
-126
-77
-67
-85
53
-51
95
-79
-274
-92
-55
-57
92
136
-157
103
-64
-336
-103
-61
143
63
65
59
-396
-219
71
125
76
-51
-170
-257
-137
107
75
-249
72
155
56
-75
-223
-166
-215
-72
62
134
117
-55
-57
-163
-247
-67
98
-55
51
-184
106
-66
-242
-290
89
73
56
-248
-183
-50
66
-380
104
-126
52
-291
94
-51
190
-61
66
-93
-245
-60
-747
-69
-69
-115
99
-160
-557
-688
-96
85
95
54
121
113
87
-91
59
-51
98
-178
-57
-164
-134
54
100
-108
60
-329
88
-70
-361
72
81
139
-112
-68
-50
-123
-130
-57
-290
310
-145
-100
-130
74
-75
-55
126
123
209
96
-165
-534
-89
-69
-70
-118
-417
-390
59
56
79
-313
-145
-66
-103
-55
169
198
-51
66
-50
-251
113
104
108
152
-61
130
-61
-53
66
-245
77
61
-143
94
79
-79
315
-119
-85
75
-241
-236
-569
-226
86
99
-86
-66
-316
-94
-68
-243
57
144
61
109
84
80
52
-159
52
129
97
-273
-185
-61
-309
82
-241
60
-143
183
-61
-323
-237
-68
-94
110
68
-371
61
51
62
-51
67
-55
53
-176
-178
161
180
-157
-246
-219
-177
-53
81
-55
112
-63
168
-281
-201
80
81
111
89
114
-69
-66
-248
-341
-54
-50
91
88
-112
111
-314
-224
-86
-311
-57
-58
-167
-351
-131
90
-62
-123
105
-90
74
-241
-91
-59
-64
-51
105
-387
54
-77
-84
96
-143
129
-75
-69
80
-86
-59
176
-115
-55
62
97
-51
-55
56
-52
57
86
120
55
-91
83
54
-298
-198
71
-172
-59
55
-149
-65
70
-347
122
-326
-301
-177
53
52
52
-88
117
-81
-327
133
50
-245
174
116
114
87
89
72
109
-53
183
97
-83
-92
-304
-269
62
-55
50
61
-146
50
187
68
126
196
-171
-257
-138
143
169
127
-93
153
-116
-250
-200
-80
-331
-60
-95
-375
145
-320
103
70
-413
-115
-71
-198
-431
-185
-249
52
59
75
-168
-321
181
-58
152
97
-134
-126
68
-56
91
65
-69
-137
-161
61
-56
-353
-147
51
-61
-104
156
-264
-267
-50
-57
-111
88
-170
61
93
74
-305
84
168
-133
106
94
52
57
-62
-78
-52
-396
-93
-367
52
-108
-232
-97
-54
-194
-142
85
-55
135
-144
-241
-81
-454
-183
-52
-118
136
-86
-72
131
-82
-226
-50
-235
-57
-289
-193
-125
-69
-117
-106
-59
-260
-136
-117
-218
150
-60
-131
-214
130
92
-155
-50
128
-508
-68
-150
-191
64
-194
107
-126
59
-55
-244
-80
-108
-158
-190
67
-58
57
-100
-73
66
145
125
-182
-575
59
-444
-96
-442
164
-255
-84
141
-102
52
126
100
-64
63
142
61
-264
109
-53
-212
-62
70
-74
62
-50
109
87
-56
-103
50
64
-68
-135
73
-233
68
-452
-51
-221
-59
-137
-121
106
-316
57
-235
60
105
-57
56
68
-129
-441
-105
-283
-94
-326
-157
-338
-170
-130
-190
-292
-60
56
-54
-271
-96
-73
-53
-59
-76
-510
-425
-355
-88
50
-289
-190
-140
-67
100
-101
-142
-407
-171
-370
-173
50
180
-215
320
-98
161
-190
-101
90
-72
82
-69
-53
-118
-79
77
-67
-100
96
-58
128
61
-302
-52
150
-78
-86
59
55
-131
60
-277
-92
-241
53
61
-408
-61
-244
159
-323
72
-360
88
117
-174
-229
-188
73
-611
63
-568
58
-50
90
61
87
51
84
60
-54
-96
57
-220
-51
-65
-254
111
107
87
-51
75
142
65
-292
-256
55
54
-54
-168
105
-54
133
177
92
108
175
-213
154
56
-72
-56
-217
-56
81
77
-635
50
146
54
-164
-82
63
-55
128
71
87
-192
-129
-67
-136
-63
61
-173
152
123
72
-92
96
-65
91
-71
-68
101
54
-60
-81
257
-207
94
-133
192
-98
-58
50
-74
-184
-202
-79
-419
-51
141
-192
-437
-150
86
-227
-544
-139
-152
-91
-253
59
-100
-157
78
187
67
-125
70
61
122
-69
69
96
57
-66
-259
107
-676
-187
61
121
-58
58
-312
75
-311
123
-220
-99
-245
-173
76
117
68
-62
57
184
-297
-102
-61
-72
89
94
81
-125
139
-78
-154
166
-92
110
167
-53
94
-55
-257
-55
-126
-50
86
-246
-129
-287
-60
-54
-56
71
106
60
-245
106
-342
-64
-364
139
-68
-81
145
63
-188
-399
62
54
-241
68
-209
-267
-50
93
-251
-579
77
-50
69
-204
-75
59
73
-82
-64
-66
72
-204
-73
-306
-104
-160
-85
-364
-51
-81
288
-68
-53
-258
-87
-55
-179
-122
-106
-54
100
-130
-309
216
-57
-89
-63
-183
145
-60
-60
122
-62
-55
-93
-77
-107
-118
-84
-184
107
52
-114
50
-51
-51
73
97
50
51
-76
-102
-52
139
-244
57
89
-72
-255
-157
72
-51
121
133
-112
-110
59
53
-67
56
-141
-218
-235
-172
83
71
-127
-323
-185
-50
51
107
-246
63
66
140
139
-85
86
63
185
85
183
-124
-79
-53
-79
-319
-520
-106
-67
-81
-197
-62
55
-235
-51
-124
-190
-143
-133
62
-578
51
-280
72
-80
-117
-268
91
-223
-72
-183
-439
-254
64
50
194
70
-74
-90
-680
-254
-550
116
-307
-74
-62
-64
-74
-266
-96
64
120
96
97
161
87
64
53
-72
146
-240
61
-367
148
56
122
-77
92
89
70
-129
-247
-57
167
114
108
112
-82
-110
-77
-94
-181
-61
85
-298
87
-59
-120
77
50
-145
131
-72
-290
-89
94
191
85
143
122
-157
-111
168
65
-79
-60
54
67
94
65
89
61
-101
-51
-410
-51
-298
60
-50
116
-90
-111
-52
58
51
-68
-201
-238
-237
-167
-243
71
-146
-111
-301
-87
-55
-63
50
67
-58
76
-280
-58
75
-207
94
-82
-222
123
68
125
-133
-60
72
146
92
-61
126
78
50
91
95
-276
-260
-72
-257
152
176
55
109
-71
-80
-118
114
54
-57
110
-63
-69
-52
-87
-174
78
120
58
-281
-60
-308
58
-307
-169
74
-53
162
57
-199
-54
-245
-231
54
-86
-120
-88
74
-107
-55
-289
74
122
-51
-63
52
104
-84
-128
-57
-136
192
-134
54
-378
-52
54
-233
58
-113
-59
-56
-107
-110
55
-126
-193
159
-242
-51
173
-53
-450
-195
96
72
141
79
79
-96
-50
-80
-52
-86
113
95
-187
131
52
-170
70
57
-386
134
-181
51
159
63
61
102
78
125
-60
90
66
-295
60
87
56
-71
73
-115
77
-55
83
-239
-187
169
-63
-86
-116
-217
90
-54
95
88
83
-155
50
94
147
82
-270
-337
-95
-243
-105
-254
-62
-318
135
-52
59
-276
-348
-190
-50
151
-54
68
58
71
-228
-255
-107
54
-197
-68
-77
63
71
-313
53
-68
-538
89
-244
82
74
84
-84
-331
184
75
-84
-85
-225
-92
188
-134
-102
-227
142
71
-57
-54
116
-548
-68
162
-436
-59
-162
121
68
56
63
52
-75
-150
138
193
-194
113
168
-50
85
-323
-52
-246
175
-57
-646
-194
69
125
158
-68
-53
-532
-253
-68
86
-205
74
-266
119
158
56
60
67
64
52
84
-312
-240
-59
-388
53
55
51
-95
-55
-266
-64
180
105
-562
-193
-58
-75
148
-114
-246
-120
-95
-55
73
203
-104
-131
65
-104
53
68
119
-295
65
86
56
152
134
96
119
67
-51
-55
-73
-80
-70
53
-226
-122
-108
65
-122
-364
85
94
-58
-62
-123
-100
-116
-96
89
-408
-356
121
-57
-334
70
-112
151
69
-53
-145
131
-65
-142
-51
82
-52
125
-57
98
-684
-115
-64
-89
169
-256
-243
-237
151
-83
175
57
-260
59
180
62
94
55
-100
-96
116
-77
-77
87
91
-57
-115
-243
80
130
-60
-57
52
118
-511
63
-66
191
135
-239
-56
99
51
-159
-148
-91
-159
57
63
-54
-161
50
116
-243
67
136
83
-50
-122
-63
-53
72
-257
-338
58
67
-241
131
-99
63
-105
-55
-54
50
-240
114
-54
-67
59
-120
56
64
52
-54
-66
130
-100
102
52
70
180
61
52
63
66
-145
-609
68
-243
155
-63
81
-558
119
77
66
52
-128
63
-50
-53
-273
-253
-218
62
84
-51
58
-111
-92
-100
-102
249
-61
96
-101
-136
-542
-478
-129
-84
57
-104
-88
-194
-244
109
64
52
-371
136
85
-60
52
-56
53
-125
80
56
-58
-86
165
-61
61
-241
-428
123
108
-57
-211
161
-157
50
53
-134
190
173
56
64
-253
117
63
-170
55
72
-162
-50
137
84
-51
-82
110
106
93
-252
-57
86
51
71
135
-263
70
54
65
-90
58
55
-62
178
55
-260
-103
72
57
-288
76
-257
-255
-250
199
-246
-68
-75
-102
-68
92
50
84
54
-169
-87
-564
63
-75
-170
-50
-147
-190
-61
181
-75
53
92
-109
-349
-52
-54
-152
-56
-53
-56
-94
103
53
69
-54
126
62
198
-65
169
-196
71
-256
-78
61
75
-57
147
74
-160
-107
-129
-222
-156
-261
-84
-57
60
98
58
-91
-73
77
95
-248
-105
60
-118
-405
52
-60
57
-270
130
59
-80
83
-75
-74
170
-52
65
68
-79
56
-157
-246
179
115
73
50
74
-70
119
-74
-54
63
114
-111
-133
62
105
52
-119
-225
-188
-237
109
-163
115
-62
-67
-73
-54
159
-169
79
118
-67
62
-79
70
-358
-168
-314
-85
-218
77
-422
-162
119
-105
129
-148
-58
171
-244
-92
-267
133
175
147
-168
132
72
63
-125
-52
65
-99
69
-252
-493
-284
-239
-201
79
116
-53
52
54
60
-67
-237
-166
-109
-100
175
-259
-57
-311
-132
-241
61
137
58
-239
-156
106
-96
-127
-157
61
-245
69
92
-131
54
95
108
94
-264
137
-55
-67
58
-63
72
-121
-142
-58
-63
99
-67
56
61
-65
100
55
-88
55
-243
-95
-54
-118
-105
-237
152
-258
-55
-53
84
-271
-245
-221
-58
-88
147
-130
-551
-274
119
-340
134
-255
-319
-276
-111
-193
58
-221
62
-162
64
-61
-68
