-95
-78
-251
-92
-230
-59
-230
-222
-52
-54
204
-318
-102
-184
-111
-51
-75
-223
-121
-368
-56
70
-155
-81
-505
-85
-88
-150
-130
-154
-109
-944
-60
-66
-503
116
-252
-142
-137
-294
-190
-66
-82
-71
-107
-173
-59
-149
-113
-144
84
90
-120
-131
-143
-157
-96
-208
-65
-114
50
-140
-244
-74
-149
-70
-160
-55
-54
-103
-50
-278
52
139
135
-266
-85
-778
-52
102
-109
90
64
-73
-340
-255
-126
-149
74
-250
141
-56
-56
117
60
70
-66
-328
-252
60
66
118
-60
79
74
-61
58
111
90
54
115
120
100
-109
91
55
170
-209
-100
-51
-59
182
55
146
-197
84
-63
-157
-339
-51
58
87
122
116
-64
62
-125
-312
102
-243
50
138
-80
51
96
-97
100
93
-114
56
65
66
91
-60
-154
85
72
-194
-108
-117
-61
-58
61
83
-232
-239
-80
120
97
52
53
52
-108
-72
-120
-55
-136
-134
94
-103
-75
-144
59
-167
-67
-445
-100
-70
-482
-129
-205
-79
-531
-200
69
69
-236
103
-120
-198
-317
-246
-60
-63
159
69
52
-64
78
-88
-54
59
-80
-92
-63
144
-55
-217
-81
-53
-242
-65
-257
-56
113
-79
-180
-259
-56
-165
60
57
54
168
99
-66
-155
79
128
-73
-158
52
66
-55
-138
-235
-249
106
-227
83
89
-187
64
109
-317
78
-50
55
-59
58
78
-91
125
-223
-61
94
67
85
-116
-50
-59
-72
170
57
-58
69
84
54
-81
71
125
-64
-50
-57
110
-67
-171
123
-248
63
58
120
-262
85
-110
-62
56
-125
97
-73
80
-293
82
114
53
75
124
78
-253
101
139
55
-50
-63
87
56
-58
-53
54
-103
-65
161
93
-59
61
-296
132
-60
-124
51
-93
-370
-542
-259
-283
-58
-96
122
-210
75
-72
-272
55
-54
180
66
-51
58
-171
-57
60
139
146
59
-74
-119
-152
-111
-67
102
-92
-51
-281
104
58
72
-59
-250
-258
164
-643
-244
-59
70
-240
72
70
102
169
95
-149
-101
-152
158
136
127
173
-53
-114
107
-348
-181
-62
-105
88
63
-191
-90
-59
-63
-347
-87
85
115
-132
-140
-423
-670
159
61
-131
-377
-145
-136
-95
-183
-103
132
-51
-242
-50
141
-457
110
-55
-61
-75
-65
-98
61
144
-278
51
-221
128
-186
-324
-58
-397
113
140
93
74
53
-303
79
60
-115
55
54
71
86
98
130
50
-233
-123
-121
112
91
97
71
62
83
53
71
56
-51
188
96
50
-114
-58
-240
-73
-104
105
-190
-107
53
58
-98
61
114
-332
62
-78
60
-248
-71
-240
163
63
-73
102
78
50
83
-93
-381
121
59
75
106
-128
-52
59
59
62
-500
53
78
-104
-53
-50
-115
51
172
50
81
69
138
134
81
71
62
55
102
-135
97
54
57
-51
103
80
60
54
-50
-64
201
-143
87
-279
109
-50
-250
-108
-88
50
50
-126
99
-182
-129
64
-96
-119
-86
67
54
-240
-203
58
-74
116
77
71
-328
-151
-266
118
134
188
126
-305
108
51
-68
-71
-78
55
89
-252
68
68
138
69
56
-277
-246
-86
-238
60
58
-60
-116
-63
-135
-210
-100
-176
-308
-293
-218
-50
-142
-482
-71
-214
-231
70
-96
-63
-975
-118
-178
-236
-269
116
-175
167
-317
-373
-115
-60
-447
-68
-79
-219
-156
-172
76
-100
-119
-94
-138
51
-159
-59
-560
96
-81
63
-139
-231
-564
-61
-99
-51
152
-106
61
-67
-129
157
-194
70
56
72
-52
54
127
-158
68
-53
135
113
100
-121
58
112
-208
82
59
137
-255
112
-139
61
157
182
-101
89
-181
-99
80
-239
-62
79
151
-50
79
-78
-242
-107
64
-86
-50
-240
52
-570
-61
-235
-319
-234
-244
-61
-701
-62
61
-467
-53
-63
-80
51
-251
-62
-184
88
-153
-195
120
102
92
97
-490
-396
104
133
51
108
64
109
-51
-59
-300
-60
166
-185
66
104
66
-159
-51
-86
61
131
99
-51
-257
-74
99
-250
-50
-104
-284
71
88
-120
100
92
-86
-168
-172
90
162
66
-151
-235
109
-116
-221
-53
-331
59
-52
-83
-270
-673
50
-305
-196
-57
66
-171
96
51
-318
-64
104
109
59
-50
73
82
82
-114
-54
-209
-388
55
70
-202
-148
127
-195
-255
62
-243
120
-444
-59
125
-80
-250
-58
-153
58
70
-54
-117
96
-53
64
-198
81
57
170
81
121
-158
-240
73
51
-105
101
-126
54
59
144
-61
-257
-243
-119
119
111
-65
56
-93
75
101
-56
101
-314
-158
-312
78
-79
103
149
78
-58
73
105
-128
119
126
-60
90
-126
-275
72
78
114
-78
61
-262
76
100
93
77
-72
54
-360
-55
-71
-132
-559
102
81
-184
67
69
-51
73
145
70
-172
-112
130
154
-67
75
-75
-63
-193
-243
100
-259
76
-110
-157
-185
-511
-60
-197
70
-51
117
88
-88
57
-534
-93
93
55
-60
235
81
-97
51
-327
-138
-54
-171
-294
-171
-61
-91
-342
-373
-90
-91
50
-610
-122
-176
-84
-52
-56
57
-56
-152
83
112
-185
85
-218
-161
-701
60
-66
-267
67
94
89
-254
-246
182
-199
50
-154
186
-242
83
-77
-64
116
-63
-257
125
92
-311
58
-50
-237
194
-338
91
-87
91
64
-480
60
-79
-51
62
-168
93
-107
96
121
-282
112
-63
188
104
-140
-99
-120
-257
58
-58
57
54
-90
125
-54
58
75
-325
-164
-83
-58
94
89
70
61
56
96
-153
-280
77
-259
-89
-78
133
74
62
-136
-52
102
-326
71
-390
-72
-213
188
121
131
-118
-76
168
177
-243
-392
-484
-321
59
99
88
-105
153
61
94
-55
163
68
87
52
103
76
68
73
-54
-114
90
-110
-61
-224
-120
-137
-147
-60
96
-81
-82
-364
52
77
-373
-323
55
90
-59
-558
54
-207
-246
-90
-78
-80
-68
-191
-63
-61
-738
-123
-96
-84
-53
-79
-182
-105
-87
-82
51
-109
-202
-212
-119
-142
-527
-79
-191
186
234
-224
-141
142
-252
-98
-122
121
-181
-113
132
66
-102
103
100
67
-123
-66
-54
138
61
57
-103
-372
-69
59
-138
86
182
-65
-229
-76
50
-124
-60
151
-230
58
-535
-141
104
-63
-153
-52
65
56
65
84
123
-398
58
77
-56
-139
-56
60
-239
66
85
540
-51
170
-259
156
90
-102
-57
70
69
-54
62
-112
65
85
63
-89
144
-76
-209
-78
-127
-112
-167
82
151
89
91
106
126
-63
-571
-62
92
54
82
54
98
82
-232
-240
185
95
-244
-140
-147
-252
-53
58
58
-173
-50
-165
-57
-249
153
58
-53
-250
181
-256
-222
-101
-592
-54
-374
107
72
80
-247
-284
-95
67
62
-101
-51
67
101
-134
-309
56
69
82
-72
-52
-238
120
-60
-173
-51
78
-71
-244
61
-65
-96
102
176
56
110
56
50
63
72
60
-272
-210
102
-68
83
-318
-86
152
-52
-289
-381
-66
-123
133
136
62
-54
55
-115
92
-152
-134
-52
-97
61
-60
-132
-57
-100
-82
109
116
-56
-65
89
-56
-58
59
-68
-71
52
92
-120
94
100
-147
150
102
-102
62
-60
-190
88
-50
52
-386
-242
-169
56
-211
145
110
175
-70
51
54
-108
78
187
-172
-249
64
-263
-267
-333
95
-205
175
-155
149
-299
93
105
-50
-268
-54
58
54
-260
-116
95
-251
68
105
55
-82
51
-184
102
-247
-169
125
-124
172
51
-132
-89
-79
-76
75
87
-152
83
-78
-257
123
-81
-101
68
92
-87
124
-64
-206
-248
68
-255
-64
76
104
-256
-242
194
91
68
-75
-108
-152
-108
85
60
-118
-53
55
-56
-60
130
-161
70
61
-127
-260
52
68
59
80
79
-55
-126
-112
123
-277
-54
50
118
-251
94
-57
60
53
-51
-50
-95
122
95
-176
-274
-92
-57
92
61
55
-290
-82
81
-117
-245
149
-57
143
63
71
-804
-239
-320
-72
-68
55
57
90
-247
-73
-206
-726
-170
-83
-137
107
75
162
-65
67
-114
-66
72
-197
-209
-66
67
56
-82
101
-56
-75
-71
138
117
-55
-163
-98
-67
-114
98
-55
51
98
-73
106
113
131
-242
89
-84
-51
73
56
-50
-87
59
104
-126
52
-291
-80
-269
-488
-110
95
190
75
-191
-56
-61
66
-93
73
72
53
-272
-151
-301
191
-52
53
-242
-261
-67
-60
-115
-442
-67
80
-56
-243
-133
55
162
-73
103
-58
81
99
-162
-162
-54
139
-281
119
89
216
-80
-247
-258
-239
85
95
52
121
113
137
73
99
-113
-85
-53
91
-72
-171
59
-221
-60
-200
98
-94
52
-124
-85
-56
-239
215
-54
-178
-58
96
-57
-233
-164
-134
-68
90
-218
65
54
82
88
59
-70
-114
97
-104
114
-110
-108
-159
-195
81
-51
184
139
-50
-53
-124
-123
-130
56
58
-75
-184
-136
-165
-59
-74
68
-266
-90
-69
-453
-417
-408
-51
-259
59
57
79
59
-104
53
65
-81
113
-55
198
200
69
-266
-251
113
152
104
-268
98
-104
130
-66
-96
66
-245
77
61
144
-143
94
79
123
-82
183
-212
81
-56
59
-224
58
-51
-60
54
-195
-67
75
-301
-236
-62
-488
99
74
145
-166
-244
-71
-251
-125
-245
-80
-142
-316
-57
57
144
-246
61
109
84
80
59
-248
-73
-173
-261
97
-61
50
-113
56
67
-163
82
-116
-241
60
84
-50
-52
-53
-344
102
-84
110
-323
-270
109
-68
66
110
61
51
62
-128
62
-67
-51
67
-55
56
-83
-335
-141
66
53
-242
-492
-88
-178
161
83
-53
83
112
-63
-79
168
-311
168
-68
114
-201
80
-97
81
111
89
114
74
156
-134
-136
-66
62
64
91
88
-288
57
-239
-61
-57
-121
-58
-58
90
-62
-123
-241
56
65
-50
-346
-59
-387
-208
134
-354
-143
129
-248
-75
-75
-69
82
62
-135
68
76
-59
-88
-228
-156
-101
113
-115
-247
-321
-88
80
-65
-55
102
83
56
-138
-52
-418
-57
-55
-70
86
-241
-73
120
126
54
63
71
-257
70
-59
55
-300
-149
-244
-65
70
-107
90
60
-62
-423
-247
78
-265
78
121
122
53
118
-306
-90
72
52
52
-668
117
-81
-52
96
50
-51
174
116
114
87
-515
58
72
-62
97
-142
78
114
61
-295
68
-194
143
69
127
166
98
153
-80
-60
-95
57
-397
87
145
-185
-320
173
96
103
70
-71
-118
160
-111
-50
52
-249
59
-259
-131
75
86
-57
-336
-202
58
-58
107
-307
-85
-85
-234
50
91
71
-69
52
78
74
-80
-137
-65
61
88
-56
76
-57
58
50
-84
-94
156
-144
55
-99
107
-298
-111
-201
-119
-332
-353
-63
-431
90
-332
-55
130
-334
-206
-330
85
-54
-98
-133
-318
-242
51
106
94
52
212
-396
143
-367
-161
-59
52
-103
-108
-113
-96
-194
-55
-237
-241
-81
-187
-52
-394
-112
84
-70
-72
-249
-93
-82
-300
-50
-235
-469
-193
90
-69
-100
-60
88
153
-59
-260
-136
-238
-222
-91
-131
-77
-178
128
-167
-78
-55
-155
-508
55
-107
-150
64
196
-89
-324
128
-101
-126
-179
-356
59
-244
-80
-152
63
174
191
-152
75
87
133
67
-58
-100
86
-154
52
-85
144
112
274
274
-182
-161
110
155
59
88
-86
-444
59
64
-60
-55
164
82
-148
-94
-67
193
-255
-88
-54
-94
86
-374
-239
-52
53
-57
141
-244
-102
52
126
100
179
-263
-241
-85
51
63
-72
138
-54
142
61
77
-258
116
74
109
180
-178
-78
77
-53
-267
-51
-274
-98
53
-62
70
-51
189
-249
109
-166
-334
120
50
-66
-72
50
-53
80
80
-70
204
-133
146
-135
-120
178
55
73
68
-51
120
-221
-137
133
145
-69
106
-106
82
-105
57
-235
60
-50
105
165
51
53
68
-128
-441
-283
-297
-160
-151
-100
55
-326
-95
-76
-136
-60
-50
-163
-169
-80
-88
55
88
-96
-96
62
-261
-52
-53
-59
-121
-76
100
-425
-81
-120
70
50
-214
-288
-71
-200
-132
-345
-67
99
-101
-142
-171
-172
-253
52
-217
320
-62
-223
-185
-101
-135
-88
-108
-158
101
82
-53
118
-112
-79
96
-169
-100
-486
128
94
130
61
150
-78
63
85
176
-59
-176
-64
55
84
-55
-82
60
71
-127
-52
-102
53
61
66
132
-244
98
70
94
-247
159
52
-331
72
-590
89
-187
73
156
62
-611
85
-78
-59
75
57
60
52
-57
98
-178
77
-101
-127
-58
58
-120
79
90
-57
109
84
-79
132
51
-64
130
189
-307
-52
57
111
118
107
-56
94
-51
75
142
161
-256
55
-211
-244
63
54
-239
-130
63
113
-54
81
106
76
52
177
-661
108
-122
99
108
68
-58
-79
67
-487
-122
78
51
-55
181
-63
66
-248
141
53
-51
-244
-111
-66
56
111
185
-246
94
-63
166
-57
-59
56
54
-197
55
-59
184
-122
81
77
-57
-241
-281
50
76
-241
107
165
54
-219
118
66
63
-137
71
87
-190
50
53
-320
-66
70
-136
-53
-56
108
109
-92
96
53
-70
91
-71
-68
101
54
-60
-81
-62
-133
-316
-58
109
-79
-100
-299
-51
-52
54
-90
-72
-56
-56
51
57
89
-84
-372
-152
-248
-80
61
61
-455
-89
-93
127
-253
-144
-57
-60
-100
78
67
-318
-80
75
61
122
52
101
-192
51
62
-133
77
-63
-57
96
-126
66
57
-77
-89
-189
123
76
-380
-52
-78
51
-245
-249
-56
70
-101
-59
-93
169
-271
121
-156
182
96
-52
-81
60
75
123
-99
-245
-243
76
90
-59
67
-304
63
-147
-55
117
68
-81
56
57
-53
-57
89
-201
94
73
67
-109
139
-78
-64
-52
-272
139
-169
110
94
-257
-126
165
61
86
-52
-129
-60
86
-58
-244
71
106
73
-52
60
106
134
-82
-96
59
-345
-101
-52
-78
-245
70
78
-72
52
-111
-232
145
-262
63
-57
-184
-50
67
62
186
86
147
-241
-57
-112
-104
-197
52
70
-246
-98
-176
106
-245
-259
53
-243
65
-238
-376
115
-142
102
-54
169
77
-324
-136
-240
69
-75
60
-100
-64
83
-335
60
72
-103
-73
-53
-104
-160
-85
85
-53
-87
-66
-68
-179
-356
-112
-122
-106
-260
100
-85
-787
107
-63
184
-156
-119
-330
-374
57
88
309
122
-93
-84
-114
-143
-450
96
-200
68
-239
78
-171
58
157
87
-50
-298
-50
97
-191
-88
60
-190
-161
51
64
-64
51
-76
65
-319
-102
-220
-52
-247
-56
103
-218
93
-198
92
-54
-52
67
-82
-82
-59
59
69
-94
-111
159
-230
-110
81
54
52
-211
-102
113
-255
-66
-76
-51
-166
-59
133
-88
-110
-57
-52
-72
-90
-68
92
84
-467
51
53
-67
-203
-74
108
-141
-118
-256
-53
-173
169
-244
134
78
-161
-299
67
96
126
51
107
-246
63
140
94
139
-57
63
185
-72
85
-442
183
86
121
-124
-79
-55
-82
-106
-71
-67
-197
-62
-104
55
-235
-122
-129
-190
-169
-143
-58
-318
56
-91
-578
-331
-122
-150
-62
-101
51
123
-428
-169
-94
-117
91
-72
178
-191
64
50
70
-70
-334
-306
-93
70
-74
-90
66
-58
-55
-230
-680
84
-254
-203
-63
74
197
-60
196
-96
-52
-89
-171
-117
-235
54
-56
90
-96
64
120
97
-232
87
64
52
146
-290
51
153
148
-252
61
57
77
62
-263
75
106
-248
-278
94
-68
76
-286
51
60
56
-676
-103
-264
-217
190
122
94
92
89
70
-419
64
-50
70
-57
167
67
55
60
114
96
-82
-92
-77
79
-74
64
85
-361
-51
87
-83
-183
-68
59
-54
-106
77
50
-66
61
69
103
177
131
108
-103
-290
126
118
-167
-106
56
94
191
85
-63
59
85
-77
-246
84
72
122
-246
-175
-68
-234
55
135
69
109
-79
92
168
-504
65
-100
-68
-181
54
67
-145
94
53
-241
137
86
-51
-298
-220
-159
-348
-153
58
-55
-206
-68
-182
-130
-87
-98
56
-56
-177
209
-50
-105
-111
-301
-87
-218
-77
126
-63
-68
-101
-164
59
-269
-72
89
61
-58
89
86
76
93
-640
-133
-58
170
-207
-222
-204
123
-61
84
68
125
-133
-50
-254
-74
118
72
146
55
-61
-53
92
78
-225
50
-55
152
75
176
-57
-248
126
55
112
-93
-51
109
-257
74
-52
73
-258
-268
-56
68
-118
61
-264
119
76
69
-50
54
-57
70
-127
-75
56
-270
110
-670
-337
137
-69
86
57
-231
-181
127
-60
-311
-174
78
56
93
120
-73
-55
-624
58
114
-80
-281
58
74
83
-56
93
-252
-58
-62
-96
-331
176
89
123
162
57
137
53
51
54
-86
-50
-50
115
-368
-567
74
-143
104
63
-158
-50
52
-142
58
-85
52
-276
-154
-111
-229
54
-233
73
-59
74
-75
59
-684
-60
55
-126
95
-193
-256
159
-252
118
-126
-195
96
72
141
55
147
-80
-211
-297
-197
-57
131
60
55
56
-375
52
-100
-170
70
-56
57
52
-230
-56
134
-268
-181
51
159
154
63
-451
125
90
66
87
-60
77
72
85
-97
-98
91
175
53
-122
-243
83
-742
169
78
-244
-292
-56
-213
90
-66
-375
-246
83
-98
-155
50
-247
-61
51
99
62
67
51
52
84
-95
112
69
57
-111
162
-254
-62
61
-52
59
-276
-348
-135
-233
129
-50
-302
-192
190
121
-237
-461
-70
58
119
-255
-107
54
-197
-65
84
63
71
71
-67
-313
-77
-194
112
-58
89
53
-50
70
-223
-50
-256
184
168
-253
-619
-85
-510
52
-124
-94
-62
-118
221
-65
-92
-127
-378
142
71
51
116
-68
-186
-86
56
100
56
79
-117
60
-162
-445
121
-54
95
53
56
181
-305
-144
52
-156
67
-195
-227
107
-57
138
193
-61
143
74
113
129
85
-52
175
-646
78
52
-75
-316
158
146
-144
-164
58
-532
50
53
189
86
-247
69
87
-285
74
50
59
105
-179
57
-360
81
180
-246
-245
77
67
-188
186
64
-120
64
84
74
123
69
-66
-59
53
55
-179
51
-95
51
134
-50
-55
113
109
80
52
-101
-201
-128
84
-266
-139
180
105
119
101
148
57
83
-110
98
-255
-88
-55
-192
73
-131
-249
65
-639
-104
53
68
52
-295
86
56
152
-52
66
-65
67
63
66
172
-189
-50
72
-175
-204
-73
-58
-51
53
82
65
-122
-364
75
-264
-145
55
-110
-258
94
-58
-71
-51
-83
74
-156
52
121
-210
-182
-334
70
98
-216
-110
151
69
-102
-56
53
-142
-380
68
92
-179
127
-180
152
-87
-72
-201
-81
-202
93
-259
77
-69
-108
-65
-61
-54
70
169
-51
80
68
-103
-129
-83
-376
58
-70
80
146
57
-58
-70
131
107
53
180
62
94
64
-364
181
198
-61
65
-66
-96
-156
-148
59
116
-258
-259
-77
-77
87
91
173
130
53
52
120
-58
62
94
66
-139
-301
68
69
-65
-293
-107
60
104
-70
-95
55
-378
-82
99
-243
-73
51
-68
-148
-159
-242
57
-246
-54
-161
-68
-199
83
-138
135
116
-132
-90
-50
136
83
-50
-63
121
-53
92
72
-257
-63
-203
132
58
67
83
-63
168
131
-55
-99
114
-250
59
-86
64
-211
76
57
-73
-54
-50
-69
74
-52
68
-138
56
130
-211
55
52
180
69
157
220
-207
168
61
-52
-150
-138
-119
118
230
-241
-73
-83
52
63
145
-189
92
-255
106
-96
83
79
-122
66
53
-145
68
137
-63
81
-52
135
70
-58
69
55
77
-79
-183
-54
66
52
-220
-51
94
125
63
71
-51
-164
-130
53
-236
168
113
-85
-151
59
62
67
51
99
128
52
56
84
-119
-145
-51
-111
-92
163
55
-150
-100
74
88
52
109
-173
-90
-156
-406
51
-50
-55
57
-75
-130
-88
-194
-244
52
55
52
53
-128
-98
80
-86
165
61
-81
-273
123
108
-53
-52
-211
-50
-62
122
53
-247
-202
190
173
56
-146
64
-253
-322
117
-113
63
55
72
137
63
81
110
97
106
52
93
-57
86
88
51
135
-263
-406
-50
156
70
65
154
-181
79
-95
-62
178
57
-68
-57
55
86
52
101
57
-290
76
125
103
81
-96
-257
112
52
-79
-59
-64
-270
-255
134
120
200
199
-246
-68
-68
-282
92
50
84
54
63
120
78
-283
-75
168
-122
163
-170
-169
142
-244
-50
59
-62
181
112
80
53
92
120
-52
-115
134
-251
-273
-152
-72
-60
-84
-56
-56
-50
-136
-292
189
-88
-64
-54
-88
101
62
-66
198
-85
169
81
-246
-196
71
68
-271
-88
143
75
147
-65
-107
-129
-222
94
130
-119
-261
-84
-57
60
98
77
95
60
103
-405
123
-223
52
98
101
-50
-60
-54
194
195
-77
57
71
59
-80
87
54
-122
-60
118
68
57
-243
-62
87
-52
-58
76
-256
-349
-79
-57
65
63
116
81
66
56
-280
-56
-50
51
115
-52
73
51
50
74
-84
119
-54
88
114
110
66
-119
-197
-246
-84
-234
-437
-237
-374
71
109
94
59
66
56
115
-127
80
181
-176
-169
-340
85
-321
-135
79
-67
85
158
98
-106
-258
-118
66
-136
-314
59
77
-422
65
-93
-172
57
-152
179
171
-92
-170
58
147
90
95
-331
67
-73
-54
132
72
63
-125
-144
-56
122
-50
65
112
-239
79
116
50
-328
52
60
-67
55
-171
-197
-87
-196
-248
-61
126
-253
72
-132
-161
61
-318
-240
137
-256
58
61
-97
254
-239
-52
-96
-127
57
-157
-193
-245
69
-131
62
54
-130
95
111
-152
199
-264
-116
105
58
-63
-93
-530
-121
-251
99
56
-65
100
55
-88
55
62
-95
-54
-237
-542
152
-55
80
84
-58
-173
-325
-245
86
119
-53
-340
101
-72
-255
-56
90
66
-111
-337
-250
185
58
-152
-253
-595
-56
-162
90
