-109
-95
-54
-78
-78
-251
-92
-230
-59
-230
-222
-234
-52
-318
-117
-61
-102
-184
-111
-51
-368
-59
-56
-69
70
-155
-226
-108
-81
-505
-85
-88
-150
-130
-154
-109
-112
-944
-60
-73
-66
-110
-252
-142
53
-137
60
-294
-190
-150
-69
-66
-82
-86
-107
-173
-87
-149
-144
90
-120
-143
-157
-96
-208
-65
-114
70
50
-290
-244
-74
-95
-149
-108
-70
-241
-55
-103
-50
-278
64
52
139
-123
-50
-130
135
-266
74
-85
-52
64
102
-109
90
64
-73
-52
165
-340
-255
-126
-149
-182
74
-250
141
-56
-82
-117
-56
-254
117
60
60
51
163
70
-66
-328
-252
60
66
118
-60
79
74
-61
58
111
-59
90
54
115
120
57
100
-109
91
55
170
-72
-209
-100
60
-239
-51
-87
-59
182
55
146
-197
84
-161
-63
-157
-339
-51
-245
-208
-176
51
58
-55
87
122
-81
116
-64
62
148
-125
-312
88
102
-243
50
-244
-55
138
-80
51
96
-97
-307
100
93
-114
-55
56
80
-76
65
66
58
204
91
-60
133
-154
85
-104
72
102
75
-194
-107
-151
-208
-61
-58
61
83
71
-232
81
167
-239
-80
-68
-183
120
97
52
191
53
69
84
52
-81
-108
101
-51
-72
-120
-55
-235
93
-69
-75
-98
-165
59
-167
-442
-100
-412
-69
-133
-68
-129
-491
-205
-531
69
315
-354
-259
-173
203
-136
-59
-348
103
-120
64
-198
76
-249
-53
-54
-317
-246
60
-60
-52
-63
-261
-125
-220
159
69
52
-64
78
-88
-54
59
-80
-92
-63
144
-55
-217
-81
-260
-53
-242
-65
-257
-56
113
-79
-67
-180
-259
-56
-165
60
57
54
168
99
-65
-206
-155
79
-52
128
-73
-99
-158
52
66
-55
92
-250
-138
-235
62
-67
-249
106
-227
58
-108
-229
83
89
-187
64
-58
74
-205
109
-317
-180
78
-50
-297
55
-59
58
78
-91
125
-223
142
-59
-170
-61
-107
94
52
67
85
64
66
-116
-50
-59
-72
152
170
57
-58
69
84
54
-81
71
88
-64
-123
125
-64
-50
-57
110
-154
-689
-67
-171
-145
76
123
-248
-58
63
58
120
-262
-89
85
-110
-62
56
-125
97
-73
80
-293
82
114
64
-122
-61
108
75
-54
124
78
-330
-253
-152
101
139
-62
55
72
-50
-63
87
56
-58
-53
54
-103
-65
161
-272
131
-248
93
-364
-59
61
-263
-296
132
-60
83
-124
51
-135
-93
-370
-542
-259
-283
-58
-96
122
-210
75
133
-72
-272
-89
55
180
-236
66
-51
58
-171
-57
60
-134
146
59
-74
-119
-152
-111
-67
102
-92
-250
-280
-281
104
58
72
-59
-250
-258
164
-643
-244
-59
70
-240
72
-292
70
102
-62
-95
169
95
-221
-120
-101
-152
-252
-81
158
136
-52
127
-63
-75
59
-75
173
99
61
-53
-114
107
50
-348
-180
-62
-105
88
-104
-765
-64
-90
-63
-347
-87
62
-57
-103
-126
-81
-62
171
85
-110
115
-88
-132
54
-140
-670
-293
-330
159
61
-60
-131
-165
-94
-377
-145
-136
-95
-75
-115
-183
-103
132
-51
-243
-242
-50
141
-457
67
110
-55
-61
-75
-65
-244
-83
-98
61
156
-320
144
-105
-75
-278
51
-221
-60
-248
-328
128
-186
-324
-82
-58
-397
113
107
141
-244
93
-50
74
53
-303
102
79
-175
-478
-331
-73
60
-115
-59
55
54
-54
-245
91
138
-293
71
86
98
90
101
130
67
50
-57
-233
-60
-123
-121
112
-246
91
-68
97
71
62
83
53
71
56
-51
188
96
-68
-280
-55
-386
50
-114
-58
211
-195
-239
-240
-73
-80
-104
105
-190
-107
53
58
-98
61
114
-332
62
-78
60
-248
59
62
165
-301
-213
-71
-52
-240
163
63
-73
102
78
50
87
197
83
-69
-93
-381
121
59
-252
75
106
-85
-68
-73
-128
-52
59
62
62
-86
-500
53
78
-104
-53
-50
-640
-131
-115
51
172
50
81
-269
-174
69
119
138
134
81
-77
-51
71
62
55
102
-314
-54
-135
-242
97
54
-128
57
-51
103
80
-256
60
54
-256
-50
-64
67
-165
201
-143
-200
-83
87
59
-279
109
-250
87
-104
-88
-346
50
50
-126
99
-182
-129
64
-96
112
-119
54
56
-118
79
-86
67
54
-240
-146
-54
-203
58
-74
-259
-289
116
-143
77
56
71
69
-320
-67
-259
73
56
-254
-158
-289
115
-328
-266
114
118
134
54
237
188
126
-305
-128
-151
-134
108
112
-281
51
-68
-71
50
53
86
-78
-51
55
-60
89
147
-252
74
-186
68
77
68
-389
-387
-261
-526
138
-50
69
56
-277
-246
-246
-82
-93
-238
-107
60
-55
58
131
-60
-116
-63
-215
-59
-210
-100
-176
-308
-293
-218
-56
-142
-189
-187
-482
-71
-214
68
77
-359
-231
-252
70
-544
-96
-270
-70
-127
-81
127
-63
-975
211
-92
-178
164
-236
-269
-63
97
116
-64
-175
167
-317
-373
-85
-180
-74
-94
-115
-60
-447
-68
-219
-156
-172
-69
-627
51
-99
-214
-179
-414
-119
-456
-94
-138
-325
-159
-325
-631
64
-231
-560
-197
-271
96
73
-68
-123
-81
-258
63
-352
-139
-176
108
-564
161
-60
-78
-58
-61
-99
60
-234
-97
69
-51
-90
152
84
-54
-100
61
-67
-129
157
-194
70
-115
56
72
-54
-246
-52
-50
68
-164
-88
65
-319
54
-60
127
-110
168
68
-53
-354
135
113
100
-350
-244
204
58
-53
116
112
-108
-208
82
59
137
-255
112
-139
-257
61
157
182
-101
89
-181
-99
80
58
-239
-62
79
-102
100
151
-50
79
-78
-242
-107
64
-86
-50
-240
52
-570
-61
-235
-319
-234
217
-244
-61
-62
-97
61
-467
-53
121
-63
-189
-247
-80
-64
51
-79
146
-251
-62
-184
-155
-82
88
-153
-195
120
-206
102
92
97
-490
-396
104
133
51
-249
108
-70
148
64
109
-51
-59
-300
-60
75
-60
166
-159
66
66
-159
-51
-86
61
131
98
99
-51
70
-257
-74
99
-250
-50
-104
-284
55
71
88
-60
116
111
-250
-120
100
92
-86
-172
90
162
66
-59
-151
-235
109
-240
119
-116
-221
-53
-335
88
-50
-331
59
-52
149
-83
-270
81
-673
50
-305
-341
-196
-57
66
-171
-109
96
51
-318
75
-64
104
109
-199
59
-50
73
82
82
-114
-54
-209
-388
55
70
-202
-488
-247
-255
-148
-380
50
-443
139
127
-195
-255
62
-243
83
120
-444
-59
125
-80
-250
-58
-153
58
70
-54
-117
96
-53
64
-198
81
-58
57
170
81
121
-191
66
-55
-158
-60
-240
73
51
-141
-105
51
101
-126
54
69
59
193
144
60
-61
-257
-243
-119
119
111
-65
56
-93
-66
-55
75
-239
101
-56
101
-314
-158
-312
78
-79
103
149
78
87
-58
73
-103
-54
105
77
-54
173
146
51
61
-128
119
126
-60
90
51
-126
-275
72
82
78
-50
76
89
114
-78
101
61
178
-262
70
76
100
93
145
77
-72
54
-360
-55
-71
-50
-132
72
-559
102
81
-184
67
69
-51
73
145
70
-172
-112
55
-52
-52
130
154
-80
54
-67
75
-75
-540
-63
85
113
-189
-193
-100
-243
100
-140
-132
130
-259
-89
76
-110
-72
-157
-185
-511
-60
95
-197
-202
70
-51
-375
117
88
50
133
-88
-534
-93
93
55
-60
124
235
-97
-183
-364
184
51
-327
74
-138
-60
-54
-179
-294
-92
-100
-171
-91
-342
-373
-91
50
-487
114
-610
-132
-176
-52
-56
57
-56
-152
83
-89
112
81
-185
85
-218
-56
-282
60
140
-66
-51
-133
-267
-89
-51
67
94
89
-254
-50
-246
182
-199
-167
50
-53
71
-154
-392
186
-242
83
-77
-69
-74
116
-63
-257
125
-250
-126
92
-311
-105
58
-50
-192
-243
-237
194
58
-338
-162
91
151
-514
175
-87
89
64
-480
60
-51
62
-168
93
-107
96
121
-282
112
82
106
81
108
-63
188
-88
104
-140
68
-99
-120
-257
58
-58
57
80
54
-90
57
125
-54
58
75
-325
-164
-81
-58
-285
94
89
-168
70
-106
61
56
-153
-72
57
-72
-280
77
-259
-89
-78
133
74
62
-136
-52
102
-326
71
-72
-213
188
121
131
-118
-76
168
177
-243
-392
-179
-137
-484
-321
59
134
-118
-230
99
-83
101
88
-105
-205
-68
-103
153
61
94
-136
-55
163
68
87
52
103
79
76
68
-187
73
-56
-54
-90
90
-110
-61
-224
-108
-120
-137
-147
-60
96
-81
-82
-128
-224
-364
-92
109
130
57
77
-373
-323
90
53
-312
-558
56
124
54
-238
-187
-370
-148
-107
-89
-60
-90
-68
-191
-63
-70
97
-99
-123
-133
74
-96
-62
-84
71
-79
-74
-226
-387
-182
-86
-105
-252
-231
-359
-55
-69
-55
-82
59
-52
-827
-109
-401
-399
-150
-212
-168
-119
-142
-70
-283
-74
-246
-79
-191
-64
-334
250
-66
-293
-193
-55
142
-252
-66
-98
-122
121
-241
-73
-84
-136
-66
-97
-181
-113
-56
132
-83
-64
66
-102
103
-68
-113
100
67
84
-123
-66
-55
-54
72
57
-103
-161
-264
-372
-69
59
-138
-305
96
182
-65
-229
-173
-76
50
-60
56
-107
-154
151
-83
-230
-54
-65
-54
58
-535
-192
-273
-141
104
-63
-153
-144
-217
-52
65
56
65
-77
84
-86
-74
123
-398
-135
168
58
77
-56
-139
-56
60
-239
66
85
-166
-191
540
52
89
-52
-51
-51
170
-200
-77
-51
52
101
64
111
71
-259
-225
156
90
-102
-76
-51
70
69
-53
-54
-74
62
-112
65
85
-67
63
-89
144
-209
-78
-129
-112
-122
-88
-109
-50
-597
-167
82
151
89
91
106
126
-371
-63
-571
-492
-62
92
123
54
82
-571
54
98
82
-232
-240
185
95
-244
-140
-307
-147
-252
-53
58
206
-269
58
67
-173
-50
-165
-57
-249
-328
153
-94
58
-253
-53
-250
181
-256
-222
-101
-142
-592
-54
-374
107
-244
72
80
-247
-284
-80
-95
67
62
-101
-51
67
101
-134
-309
124
56
-89
-142
69
82
52
-72
-52
76
-243
-238
120
-60
-173
-51
82
80
-237
125
-198
-71
-244
207
61
-65
-96
102
176
-367
56
110
56
50
63
72
60
-272
-210
102
-68
83
-318
-86
152
67
-289
55
-381
-380
-268
-66
-317
-123
133
136
62
-54
-65
-110
55
-115
92
-152
-134
65
-97
-221
-66
61
-132
-57
-123
66
-105
-82
109
-104
116
-172
54
-339
114
89
54
-56
55
60
64
-58
59
-68
-71
52
-398
92
-120
94
100
-147
150
102
-102
62
-54
88
-50
-82
67
52
-386
-242
-169
56
-211
145
-81
58
110
175
-55
-130
-70
51
54
-108
78
60
-203
187
-172
-249
-296
-383
64
-65
-263
-267
-333
63
95
-205
175
-155
149
-298
-424
-299
93
105
-50
51
-268
-54
56
-56
-52
-255
-260
-116
95
-251
-81
68
105
55
-82
-275
51
-184
102
-247
-86
-169
125
-124
172
-164
51
-132
-89
-79
-137
-76
64
-102
75
-98
87
-51
202
-354
156
68
63
-152
-234
-95
-58
83
-628
-78
-257
-310
87
123
-81
-52
-243
-101
-258
68
168
-331
92
-87
124
-64
-58
-206
-53
116
-65
-114
-248
68
-255
-64
76
104
-256
-242
-249
194
91
68
-75
-117
-108
-152
-108
85
60
-118
-53
55
-56
-60
130
-161
70
61
-127
-260
52
68
-99
59
-132
80
79
-55
-126
-77
-112
123
-277
67
-60
-54
50
-66
-251
-85
-132
94
-57
60
-69
53
-51
-183
-50
-95
122
95
-83
-176
-274
-92
55
-242
120
-57
-91
92
61
-74
55
-290
65
181
-183
119
94
-82
136
-157
103
81
176
-245
149
-57
-335
-336
-103
143
63
71
-126
-107
-804
137
51
-168
-239
-320
-72
76
105
-68
59
55
57
90
-243
-188
50
50
-118
-247
-73
-125
-192
-206
-307
-83
-137
107
75
162
-237
-54
-58
-65
67
-114
-175
-66
95
-249
72
-197
-209
-66
67
56
-82
101
120
-56
-75
-71
-166
138
117
-55
-163
-98
-53
-67
-114
98
-242
-55
-55
51
-560
-184
98
-73
106
113
131
-242
89
-84
-51
73
56
-50
-69
-248
-183
-87
59
-118
-189
139
-120
104
-126
-117
52
-291
-78
-269
-67
-488
-110
-52
95
190
75
-191
-56
-54
-81
-61
66
-93
-275
73
72
53
-272
-151
-301
191
-52
53
-242
-53
-261
-67
-206
-245
75
-69
-115
-442
-67
80
-52
-60
-56
-243
-133
55
162
106
-73
103
-58
81
99
-162
-162
-54
139
-281
119
89
216
-80
-247
-258
-239
85
95
52
121
113
137
73
-98
61
-88
-241
-113
217
-53
-118
188
62
91
-185
-72
-387
50
-182
-164
-171
-240
59
-221
-60
-200
-145
98
-94
-240
-245
52
196
-120
-124
-85
-56
-239
213
-54
86
-178
-58
96
62
-57
-233
-164
66
-134
-68
63
90
-133
-218
65
54
82
60
88
59
-71
-153
-114
97
-104
-50
114
-110
-108
72
-159
-195
81
-52
60
-51
184
84
139
-50
-51
-201
-53
-123
-103
-130
166
-57
-56
-57
-50
-99
-54
-140
51
56
58
-595
-73
-75
-188
126
209
-82
-108
-220
-534
-59
-74
-377
68
-89
-69
-417
-408
-197
-51
-259
59
57
79
-187
86
53
65
67
-81
-61
113
-55
169
198
-245
200
-251
53
69
112
-266
-251
113
152
-197
83
-119
104
-268
98
-104
130
-66
-96
66
-245
77
61
144
-143
94
79
123
-79
105
315
-82
62
183
-212
-58
81
-56
59
-224
-100
58
-51
-180
-60
159
73
54
-195
-67
75
-77
-301
-90
-102
-236
59
-62
-69
86
-488
99
-124
74
145
-166
-252
-244
-62
-53
-60
-251
-125
-80
-142
-316
-57
91
166
57
-78
57
144
-120
-246
61
109
-241
84
-249
80
59
-248
88
-146
-73
-173
-72
77
-261
129
-61
97
-247
-61
50
-96
-113
-281
-172
56
52
-89
67
-163
82
71
90
-116
67
-241
60
84
-60
-59
-52
-53
51
-245
-143
183
-344
54
103
-84
110
-323
-270
109
-94
-126
-247
-68
-181
66
103
110
68
61
-244
51
62
-128
-120
-80
-241
51
62
-67
-51
67
-55
56
-83
-335
-52
-55
-141
66
53
-176
-60
-242
-492
-88
-178
93
-140
161
83
180
-162
-53
81
112
-63
-60
-79
168
-311
168
-68
115
-201
80
-97
81
111
-396
89
135
114
-69
75
74
156
-134
-136
-247
-66
-235
-80
-54
50
-90
91
-57
113
88
-218
-288
57
-314
136
-239
198
-423
-88
573
-61
-121
-293
-349
-51
-58
-167
-306
69
-351
90
-62
-123
105
-241
-59
-51
-82
56
65
-50
-346
-83
-169
-59
-64
-387
54
-261
-279
-122
-208
-140
326
-198
-354
147
-120
-143
-59
-179
129
-248
-75
-95
-69
176
82
-68
94
-101
62
108
76
-64
-104
-59
-156
-101
-115
-109
-83
-247
-321
-88
80
-65
-55
83
-148
56
-138
113
-52
57
-418
-57
-55
86
-241
-73
-259
120
55
126
70
-91
83
54
-60
-350
63
71
-257
70
-59
55
55
-300
-149
-244
-65
70
-107
90
-79
60
-62
-423
-247
78
-265
78
121
122
-73
53
90
102
118
-306
-90
72
52
52
-88
-668
117
-81
64
139
-52
-147
-204
96
50
97
-51
174
116
114
87
-515
58
72
109
-62
-56
73
97
-84
-269
-142
78
114
-105
-187
61
-90
-295
-56
68
126
51
-64
-66
-194
-273
-135
-64
143
-250
69
169
127
166
98
153
-119
-100
-200
-80
-60
-95
-375
57
-397
87
145
-185
-320
173
96
-467
103
70
62
-71
-118
160
-256
-111
-245
-50
52
-249
59
-259
-131
75
86
-57
-150
50
-336
-202
181
50
-51
60
58
-58
152
97
-134
107
-154
-276
-92
-66
-61
-307
-240
-85
-106
-85
-69
-99
-117
-234
108
50
91
71
-69
66
52
78
74
-100
-80
-137
-57
-339
-65
61
88
-56
-508
107
76
103
-147
58
50
-61
167
-150
-84
-94
156
-144
55
-99
-97
-335
107
-298
-111
84
-154
-266
-185
88
-63
-431
90
-332
-615
-55
130
-206
74
-296
85
60
-72
-54
111
-98
-133
-318
-242
51
106
94
117
-71
-52
-396
-174
-161
-367
-161
-59
52
-108
-97
-113
-54
-96
-194
-142
-85
-55
-106
-210
-237
-241
-81
-56
-187
80
130
-52
-118
-394
-137
-52
58
-112
136
-70
-50
134
-280
-72
-178
-249
-102
96
-230
-93
-151
-93
-153
-58
-131
-82
-50
-147
-141
50
-235
-58
156
-469
-289
-193
-493
-95
-69
-100
-60
88
-146
123
-117
-59
152
-260
-136
-260
-238
151
105
-91
-131
-77
-178
128
-167
-78
-55
62
-155
-508
-508
55
-107
-150
64
196
-100
-89
-324
128
-101
129
-517
-126
70
72
-179
-110
-56
-356
59
-244
-80
-54
-311
94
-142
-194
-152
63
52
-119
-452
56
80
60
87
-77
65
100
-203
133
67
-58
57
-100
56
86
86
-154
-50
52
-85
144
66
-148
145
-114
112
70
274
-182
-161
110
155
59
119
88
-86
-444
59
-67
79
-442
64
-102
-60
-55
164
-527
82
-60
-148
124
-94
-67
193
-255
-88
-54
-94
86
-374
-239
-52
56
53
-57
-82
-573
141
-244
-102
52
126
100
-64
80
179
207
-121
-263
-60
-241
-85
51
63
138
-54
142
61
77
-264
-257
-308
116
74
109
180
-178
-78
77
-54
-65
-54
-53
-267
-51
-274
63
-98
53
-62
-54
70
51
-51
189
55
-249
109
-166
122
-334
120
50
-66
-154
-72
50
-277
-53
-424
64
80
80
-70
204
127
-133
146
-253
-135
-120
178
55
-171
73
-404
-233
68
-51
120
-221
-137
133
145
-86
-69
-95
-73
106
-106
82
56
-105
57
-235
-344
60
-50
105
-52
68
165
51
53
-60
68
-128
-474
-441
-283
136
-181
-413
-87
-151
334
88
-362
-434
-171
-190
-50
-60
-50
-230
-163
109
-169
-80
-88
-158
55
88
-96
-96
64
-261
-53
-59
-121
-76
50
-425
-81
-120
95
73
50
-373
-160
-161
-71
-200
-132
-203
-67
99
-142
-171
-172
-131
-156
52
150
-217
-62
-101
-100
-88
-69
-306
-108
-158
101
82
-170
-69
-53
118
-112
-79
112
-169
-67
-100
-58
-486
128
94
130
-71
61
150
-78
63
85
176
-71
-59
59
-257
-211
-64
55
-236
51
84
106
-55
-82
60
71
-127
-52
-241
-102
53
61
-51
66
132
-244
98
-348
70
57
94
-52
-247
-256
159
57
85
-71
169
-362
52
-145
-331
-367
72
57
79
-248
-590
-96
-360
89
-53
-61
-187
-229
-188
-57
73
156
62
168
-611
85
63
-78
-58
75
77
57
-257
60
52
-57
-259
98
-178
77
-101
-127
-58
-75
-68
-169
58
-120
79
-233
90
-57
107
109
84
-79
132
84
128
51
-68
-253
151
130
189
-307
60
148
57
-51
-220
-51
-65
111
118
107
87
-56
94
-51
75
142
161
-256
55
119
110
-211
211
-244
63
54
-54
-207
105
-239
60
50
-130
63
113
-54
81
106
133
76
177
-661
108
-122
-54
-267
79
108
175
68
-58
-79
67
51
65
58
-487
79
-221
-62
-122
78
51
-56
71
-74
-55
-248
181
-63
-64
66
-248
141
53
66
58
-51
-244
-111
-66
56
111
185
-246
94
-63
166
-138
-97
-266
-57
-59
56
54
-197
55
-59
-71
184
-56
-122
81
77
-57
-241
-281
50
76
-241
146
107
165
54
-219
118
66
63
-137
-106
-55
128
71
87
-190
104
50
53
-320
-66
70
-136
-53
-63
-55
-152
-207
-155
-56
108
109
-92
96
84
53
-70
91
-71
-68
101
-365
54
-60
-199
95
94
-62
-489
-133
-98
100
88
-157
109
-74
-260
-79
-299
-51
-111
84
186
-50
-52
54
203
-54
59
-90
-54
-72
-56
218
-108
51
-51
-126
89
-79
-469
-84
-372
-152
-248
-82
-344
-90
-98
59
61
61
-73
-455
-56
-75
-89
-93
127
-253
-175
59
-110
-192
-144
-57
-60
-86
75
78
67
-102
-318
70
-80
75
61
122
52
101
-112
-192
51
-164
62
-133
77
-63
-174
-57
96
131
-126
52
66
57
103
-77
-53
-93
-65
-89
-55
-189
-247
123
76
-380
51
-52
-78
-245
-68
51
-245
-249
97
-492
-56
70
-101
-59
-93
169
-271
61
121
-156
182
96
-54
-54
-81
60
-243
75
-311
123
-99
-245
-243
76
90
-59
-74
67
-304
63
-147
-55
117
68
-81
56
-354
57
80
124
184
-53
66
-55
-57
89
70
-201
94
73
67
-109
139
-78
56
74
-64
-140
-50
-105
-91
-52
-259
81
-272
139
-169
110
94
-257
-126
165
61
86
-52
-129
-177
-287
-60
86
-50
-278
-58
-244
71
106
73
-52
60
-239
106
134
-145
-82
-96
59
72
-238
-342
-50
-101
-56
-52
-78
-245
70
78
-72
52
-111
-232
145
68
-73
-253
63
-188
-57
-184
-50
119
67
62
186
87
86
147
-253
60
-260
63
-74
-241
-57
-56
-102
68
-112
-104
-197
52
70
-246
-98
-176
106
-245
-259
-65
53
-243
65
-238
-376
115
-142
102
147
-54
169
77
-324
-136
139
69
-66
-447
-75
60
-129
-75
-114
-64
105
83
-335
60
72
-144
109
-73
-53
-104
107
-85
-53
64
77
-61
-72
-87
-142
-66
-118
341
-55
-79
-179
-517
-112
-122
-106
50
-260
100
-120
-85
-787
107
-63
184
-156
-119
-330
-374
88
213
145
266
122
-58
-253
-62
-55
-93
-118
-80
-59
-84
52
-174
96
-50
-347
-55
-200
-51
-149
68
-82
-239
-160
-123
-50
78
-171
58
152
157
-533
249
87
-50
-298
-50
-154
129
97
-74
-325
-52
-109
-191
60
-190
-161
51
64
-64
51
-76
65
-319
-102
-220
-52
-247
139
-100
-160
-82
-218
93
-198
92
101
-54
-52
67
-82
-439
-233
113
56
-82
-330
-59
59
69
-93
-94
159
-230
-110
81
-243
54
52
57
-242
-211
-102
113
-243
-255
-66
72
-76
-51
-166
-59
121
133
54
-88
-76
-110
-57
-52
-72
-90
-68
92
84
-467
-52
-203
51
-442
-70
-117
63
53
-67
-203
-74
-103
-127
86
108
-141
-55
-118
-256
-66
-244
-53
-339
-173
169
-244
134
78
98
-161
-299
67
96
84
-272
73
-259
-62
60
69
-149
74
58
126
52
-81
-87
71
51
107
-246
63
-66
140
94
78
139
-103
-57
-395
-74
86
63
185
-72
85
-442
183
86
-64
121
-124
-79
-55
-78
-190
192
167
-321
-246
-59
-319
-187
-520
73
-106
-178
-71
-67
-209
-197
-62
-104
56
271
-122
296
-129
-671
-190
-192
-169
-143
62
-58
-248
-318
56
-91
-242
-578
-331
190
-122
-150
-62
-101
51
136
138
-194
-61
123
-70
-428
-169
-94
-117
-76
91
-278
-334
-72
-223
178
-121
-191
154
64
50
70
-70
-334
-239
-306
-93
-53
70
-74
-90
66
-58
-55
-230
84
-254
-561
-203
-63
74
-59
197
-60
196
-96
118
-52
-89
-171
-117
-235
-74
54
-60
-64
-56
90
-96
64
120
96
97
161
-232
87
64
53
-238
52
146
-87
176
-290
61
60
51
-78
153
-367
148
-252
-55
61
57
77
62
-263
75
65
85
106
-248
-58
-278
-79
94
-68
76
-54
-286
-273
-59
-80
51
60
56
-676
-103
-183
-264
-217
190
56
122
94
92
89
67
70
-419
64
-50
-129
70
-143
197
-57
167
67
55
60
114
96
-63
112
-82
-92
-77
-94
189
-55
79
-74
64
85
-298
-57
63
-361
-51
87
-83
-183
-68
59
-54
-106
-103
77
50
61
-64
69
103
-304
177
-239
-81
131
-72
-195
76
108
-103
-290
126
118
-118
-167
-106
56
-69
-136
94
191
85
-63
143
58
-55
-56
-109
59
85
-77
-246
84
72
122
-246
-175
-68
-234
55
135
69
109
-79
92
168
84
-504
65
69
85
53
-193
-100
-83
-68
-181
54
67
-145
94
90
53
-241
138
86
-68
209
-318
-298
-220
-54
294
-72
-159
-153
-52
50
58
-206
-68
-182
80
60
-130
98
-87
-168
-231
-98
-484
56
-56
-177
71
-144
-50
-105
177
-146
-111
-301
-87
134
-227
-135
51
-97
-55
-77
126
-55
-63
-209
50
-172
-68
50
-101
-164
59
-269
-72
89
61
-58
89
86
76
93
-275
-640
-131
-58
-305
170
-62
-207
57
-222
-204
123
-61
84
-315
68
125
-133
-50
-254
-74
118
-256
72
-81
146
55
-61
-53
92
126
78
-225
50
91
-61
-533
-257
55
-55
152
75
52
176
-57
-248
126
55
112
-93
-51
109
142
-257
103
74
56
-52
73
-258
-268
-56
68
-118
61
-246
-264
119
76
-242
69
-207
-50
54
-57
70
-127
-75
56
-270
110
-670
-337
137
-69
86
54
57
-231
-181
127
-60
-311
-170
-174
78
56
93
120
-73
-169
-232
-55
144
-624
58
-241
118
-247
114
-80
-281
58
74
83
-52
-172
95
-241
93
-252
-53
98
-58
-63
-62
-94
-331
176
-84
89
123
162
57
137
53
51
-244
80
-54
61
-84
-231
-151
-54
54
-200
72
-86
-50
-50
115
-318
-184
-106
-114
-116
-289
-143
-72
104
63
-158
-57
-50
52
-283
-102
54
58
-85
52
-276
-118
108
-73
-154
-111
-229
-52
54
-233
58
73
-364
53
-59
-59
-383
-86
-315
74
-75
-68
90
54
102
-170
64
-54
59
-684
-60
69
-110
55
-126
95
-193
-256
159
-252
-195
96
72
141
55
56
147
-80
-211
-240
104
-144
-297
62
61
-197
-86
-478
-51
-57
131
60
55
56
-375
52
-100
-170
70
-56
57
52
-230
-56
134
-268
-181
51
159
154
63
-451
125
-60
90
66
-295
87
-62
-279
65
-60
-51
77
72
-68
85
-65
56
-97
-98
91
175
-72
-79
188
375
-252
53
88
-122
-243
83
-742
-187
169
78
-244
-292
-56
-217
90
-255
-96
-51
69
-241
-205
-66
-375
-246
88
83
-55
68
-155
50
-247
-76
94
82
-61
55
99
62
67
51
52
84
84
-95
112
69
-200
57
-111
-81
-69
100
-68
162
-254
-62
61
-52
59
-276
-348
-190
-233
129
-50
-302
-192
190
-66
121
106
-237
-461
-70
58
54
130
-255
-107
54
-197
136
-65
-108
63
71
71
-55
151
197
-392
-67
-313
-77
-194
-52
66
134
112
-58
89
53
70
-78
-50
-131
-165
-223
-555
-256
132
184
-62
168
-84
-253
-619
-85
-510
70
-55
-124
-94
-62
-92
-65
-227
142
71
51
-75
-57
-54
-168
138
116
-86
56
-88
100
56
179
-80
-50
79
-117
295
60
-436
-55
50
-85
-162
-445
121
-80
135
-54
95
-57
53
69
65
56
181
-305
-144
-140
-230
-156
67
-195
-227
-124
62
-68
107
-57
138
193
-61
-278
143
74
113
-50
85
-52
-246
175
-646
-64
78
52
-75
-316
-194
-123
69
158
-68
-269
146
-144
-110
-60
-164
58
-532
117
50
-216
53
189
-253
86
-247
69
148
87
-285
74
-266
-50
119
59
105
-179
56
60
-159
-360
81
-116
180
-246
-261
-54
-245
-239
77
67
92
-188
186
64
-120
64
84
268
-95
74
123
51
-88
69
-66
-240
-59
53
55
50
-212
51
-95
-114
51
134
-57
-50
-55
-247
113
-55
109
-78
80
52
-101
-201
-128
-83
63
84
-266
-139
-54
129
180
105
-239
119
101
-64
148
81
-74
-83
57
-307
-369
83
-246
-223
-50
-110
98
-116
-255
-88
-55
-192
73
199
-104
-131
-249
65
-256
-639
-257
-104
53
68
-61
52
-295
86
56
152
-52
-322
255
70
66
96
-65
61
67
63
66
172
-169
-189
-50
72
-51
-464
-175
-204
-205
-73
-58
-51
53
82
65
-122
-364
75
-264
-145
55
167
-258
94
-58
-85
98
-233
-96
-102
53
-56
-71
-67
-51
-83
74
-156
52
121
-210
130
-182
-146
-334
70
98
-248
-216
-110
151
69
-102
-56
53
-83
-65
65
81
-142
-380
68
-99
92
-179
127
-180
-316
-59
152
125
-57
98
-684
-87
89
68
-72
-201
-60
-81
-202
93
-259
77
-69
-108
-65
-61
-54
70
170
-51
86
-299
-77
110
80
68
-102
-130
92
52
-103
-129
-83
-251
-376
58
-70
-251
-118
80
146
57
-58
-70
131
-92
-138
107
53
-215
180
62
94
64
-364
181
314
-88
-103
-77
-133
65
64
-66
-146
-96
-148
59
116
-258
-259
-77
-77
87
91
173
-195
162
80
130
53
52
118
-58
-230
78
65
62
53
62
62
94
-250
-270
-109
66
-139
-511
-301
-120
62
63
68
69
-65
191
-252
-293
-107
60
104
-159
-131
55
-70
-95
55
63
-378
-82
99
-243
-102
-73
51
-68
-148
-159
-242
57
63
68
-74
-246
-54
-161
-68
-53
-62
50
-199
83
-138
135
116
-243
-132
-90
-120
136
83
-50
-63
121
-53
92
72
-257
-63
-242
-203
132
-55
58
67
83
-63
168
55
131
131
-55
-99
-350
-55
-53
-240
114
-259
-71
-250
59
-86
64
-211
76
57
-73
-54
-50
-69
74
54
-52
-467
68
114
-138
56
130
-53
-122
-211
87
55
-279
-51
-53
121
52
-119
180
-183
69
157
220
-207
168
61
-54
-150
-138
-119
118
230
-241
-73
-83
52
126
63
145
-189
92
-255
106
-96
83
79
-84
-122
-56
66
50
68
-50
53
-78
-609
98
-86
68
137
-218
-63
81
-222
-558
-98
-100
-52
135
70
-58
69
-321
55
77
-79
-183
-54
66
52
-83
-128
-220
-51
94
128
53
-153
63
-184
71
-51
-243
324
-51
150
-53
-246
-164
-130
53
-59
-146
-50
-91
-345
-96
-236
168
-253
-218
113
-63
59
62
67
51
99
177
52
56
52
84
-60
-145
-51
-111
-92
163
55
-150
74
88
-273
52
-226
109
160
-173
-90
-156
-79
51
-76
-50
-50
-55
57
-75
-130
-88
-100
-194
-244
64
-305
107
52
-414
-412
-60
55
52
83
53
-128
-98
-125
80
56
-58
-86
165
61
-81
-273
-168
123
108
-53
-52
-211
-50
61
-62
122
53
-247
50
63
-202
190
173
56
-146
64
-253
-279
-322
117
-113
63
55
72
148
-69
137
84
-55
60
63
81
-242
110
97
106
52
-58
-389
93
-57
86
88
51
-184
135
-263
-406
-50
56
156
70
54
65
154
-181
79
-95
-62
178
57
-68
188
-57
55
86
52
-200
101
115
-52
80
57
-290
76
-84
125
65
103
81
-96
-257
112
52
-79
-59
-64
-237
-270
-255
134
120
200
199
-246
52
-68
-68
-169
-51
-282
-62
-321
-237
92
-59
50
53
84
54
-564
-64
63
120
78
-283
-75
-70
168
-122
-222
163
-170
-169
-190
-61
142
-244
-50
59
-62
181
112
120
80
53
92
-467
120
-52
-109
134
-251
-349
77
-56
-273
-152
108
-72
-82
108
129
64
-60
-84
-56
-57
-56
-50
-136
-292
-259
53
111
-65
189
-134
51
-88
-64
54
-54
-88
-250
58
-172
101
62
64
-66
198
-86
-328
-68
169
81
-246
-238
-196
186
71
-72
-163
63
-102
68
-271
-235
-88
143
75
-57
-92
147
-224
247
-65
152
-51
74
-79
-107
-129
-222
-266
-182
94
-66
56
-201
-261
-84
-57
-127
-145
60
98
56
-50
-260
-89
77
-285
95
-115
60
-118
103
-405
-69
123
-223
-257
-248
52
98
51
-119
101
-50
-60
-54
194
195
-77
-223
57
130
71
-70
59
-80
87
54
-90
82
-122
170
-60
118
68
57
-243
-128
-62
87
-52
-58
-54
76
-256
-136
-63
-349
-79
-57
65
63
116
-57
68
-97
-241
81
66
56
59
-58
-280
179
-56
-50
51
-84
115
-52
73
51
50
74
-84
71
119
-205
-97
-54
88
95
114
-274
110
52
66
62
-59
-119
-225
-197
-246
-376
-84
-234
-437
-237
-374
71
109
-463
-65
-77
94
59
66
56
115
-127
63
-56
80
-326
-73
181
-176
-169
-340
85
-321
-821
-109
-135
79
118
-67
62
85
158
-124
98
-106
-258
-118
70
-358
-350
-136
-314
-391
59
77
-422
65
-93
-172
-243
57
-85
183
129
-58
171
-244
-127
-243
-92
-170
58
147
90
95
-331
67
-73
-54
132
-189
-250
72
63
-125
-53
-144
-56
122
63
-50
65
112
69
82
-239
79
116
-243
50
-328
52
-312
53
54
60
-74
-578
107
-61
-67
-125
-252
55
129
-171
-116
-50
-259
-57
52
-197
-87
-70
-196
-248
-61
-101
95
-222
65
126
-358
-253
72
-121
-311
-132
-300
-161
61
-318
-240
137
-256
58
61
-97
254
-239
-84
-52
106
-96
-127
57
133
-157
-55
-193
-245
95
-73
69
-131
62
-204
54
-130
95
111
52
-129
-102
51
-152
108
199
-264
-116
137
212
105
-293
58
-63
-93
-71
-530
-330
-121
77
-251
99
-340
56
155
-65
-247
100
55
-88
55
62
-133
-95
-54
-105
-237
79
-542
152
-55
80
-53
-234
84
-203
-245
-58
-173
-142
-71
-193
-325
-245
86
-52
119
-52
-53
-340
-54
101
-72
-200
124
50
-255
-229
-56
90
-51
66
-111
-193
-337
126
-250
185
58
-88
-152
-253
62
-245
-595
-141
97
-188
-56
-162
203
-240
90
-77
