-132
-99
-239
-155
-95
-50
-78
-251
-230
-59
-109
-230
-63
-90
-53
-184
-111
-51
-131
-158
-61
-65
79
-125
-100
180
70
52
-56
-82
-81
-190
149
-70
-79
-111
-88
-130
-154
-500
-112
-235
-239
-124
-252
95
-190
-94
-83
-66
-82
-71
-107
51
-113
-286
-624
-140
-63
-143
-96
-152
-86
-82
-208
-65
-217
-114
-253
-114
-64
70
-290
-170
-149
77
-318
-53
82
-120
-241
-102
-390
62
104
-103
-50
-222
64
88
52
139
-63
-50
-154
76
135
-251
92
85
-66
-85
-297
-223
77
-62
102
-51
90
64
104
-74
80
-51
59
-88
-160
-340
-60
74
-52
-63
-112
-56
139
-197
-56
-206
117
109
-176
60
-243
51
163
70
65
-66
-261
-237
-61
60
66
107
130
58
55
74
-69
58
-246
111
-82
-64
-109
127
90
-52
-135
54
77
115
113
57
-195
100
-181
91
64
55
-58
72
53
-62
-113
114
-51
-209
-100
84
-92
60
-239
-76
58
-58
-224
72
182
55
-119
146
-197
-52
-69
84
-191
149
-63
106
-179
-339
139
-53
-241
-110
-80
74
56
-265
-50
-208
-101
116
-195
87
-173
122
94
116
-68
50
-74
-253
-61
-59
-54
-77
62
77
-53
-52
148
-52
107
-98
-72
-70
-172
102
-56
-70
59
-151
-62
138
50
-80
-50
51
-252
96
87
-87
-53
-56
100
56
-335
-68
66
-226
141
-141
-79
66
71
-155
58
68
-159
-558
72
-210
56
-289
-50
-63
-68
-244
-256
-222
85
-256
-130
-292
-84
72
-203
75
-194
-151
-249
-51
133
-175
-60
-61
51
-250
-134
61
54
-276
-259
-182
243
83
138
163
-241
81
53
63
167
-125
-71
-108
82
169
111
-224
-80
-68
-403
50
120
-85
97
52
-74
-231
-216
53
-82
-160
-58
-70
69
52
65
-81
-70
-353
-189
-57
-346
-54
92
50
-61
-55
-68
65
-187
-77
51
-365
89
-63
-121
-65
-140
-59
-167
-82
-258
-84
-60
-412
101
-120
-202
100
-205
-79
-200
69
-74
-135
-357
-488
-275
-96
-154
-60
302
-136
-348
-97
-317
-246
-121
-72
60
-60
78
-65
-63
-261
-50
-250
61
211
119
-124
-246
-90
-62
-449
69
52
-59
-64
78
78
194
-88
-152
-140
-54
-359
59
-57
-80
-126
-92
-220
144
107
-51
-81
-50
67
-255
168
86
139
208
-75
65
-55
-143
-79
-257
-78
60
-60
57
-244
93
-380
168
72
99
-509
-311
-504
-248
138
-62
-65
72
63
-206
-315
-181
-76
-78
-583
128
-245
-172
95
-73
-58
-52
-193
63
66
-55
92
-54
-295
-141
93
-274
-108
-119
-72
-128
-53
-50
-91
-60
-187
-55
164
80
64
99
109
-69
-61
-249
-305
-73
78
-254
-157
101
-297
173
-138
55
-59
58
78
-254
-77
-52
-83
-287
-161
56
67
-192
-91
70
-85
63
-54
-136
-64
-119
-429
117
-61
-107
94
52
-115
67
85
-431
-90
64
-241
66
-368
-160
-187
152
-94
170
57
-85
-92
69
-87
84
-66
62
54
-202
71
79
-58
125
-103
-343
-62
-244
110
-689
133
-425
-115
-95
-62
-68
85
123
-244
73
-85
56
63
58
80
-149
-245
-53
-171
97
-68
80
-51
82
-249
114
-103
138
108
75
124
-258
-372
78
-385
-253
84
101
-246
-195
88
99
139
-62
72
-274
-63
-309
-330
-64
51
56
54
-86
87
67
58
101
-132
63
-68
-235
60
-57
-115
82
106
92
161
-65
185
161
-343
53
-248
-142
-59
135
-91
50
-66
-305
172
180
170
-244
61
132
118
154
106
-243
-149
-123
-220
94
-94
-101
108
53
77
-275
-175
-263
-102
81
55
-59
-144
51
-117
55
-156
-256
116
67
-93
-606
-65
-370
-88
69
-247
121
-172
61
52
55
-130
103
70
-314
70
-242
-251
78
122
-210
77
-225
-268
55
-66
-277
-81
-316
80
-584
220
-109
58
-178
-171
-57
-257
-58
-215
65
-290
51
-57
52
80
138
-117
-67
102
-92
50
-243
-104
-74
-241
-76
52
-52
-184
79
-65
-319
54
-264
104
58
72
-250
-258
164
72
123
-464
71
-53
70
102
-84
-151
-248
-86
95
-284
-120
138
-53
104
-58
173
81
152
172
-153
54
-103
-102
-118
-50
104
-126
-152
-124
58
-50
-84
-85
60
136
50
-178
-51
113
126
-334
-155
-75
-106
117
55
150
-120
232
-99
-50
105
-70
-57
-180
-52
-54
-265
-64
64
-90
156
-152
-168
127
-74
132
-50
-139
-103
-104
-168
204
-81
-62
80
-190
-155
119
61
-102
-56
-404
61
99
-109
-320
-150
-60
91
-54
-112
-122
-73
-152
-253
-80
-308
-204
117
-166
-253
-58
-74
50
-75
-183
159
-57
-68
-255
50
-103
-53
141
-261
-477
67
-481
-110
-237
-70
-52
71
61
-75
-74
-64
-64
-102
-278
51
-390
-221
-244
-60
-158
148
-274
-97
113
107
-205
-108
-59
141
93
-58
-104
-209
-156
-246
53
-314
-57
-68
79
60
-238
-225
-59
175
-144
67
-215
-65
-273
-75
-123
-133
143
71
-76
98
-238
50
-117
112
91
97
76
-82
62
83
71
56
96
-489
-280
-386
50
-114
-240
-114
-239
126
-240
-241
64
51
-64
-57
-96
105
-59
-190
53
69
58
-52
61
62
-78
-120
-180
-239
163
91
63
102
78
50
-170
197
-357
-144
83
-109
59
-60
75
106
-250
-128
62
71
122
-285
-87
59
-184
62
-59
53
78
-81
-50
-640
-132
-115
51
-173
172
50
69
119
138
134
81
-256
216
71
151
62
102
66
-314
66
-242
-113
-354
97
54
-55
57
103
-56
80
-160
-256
-309
-254
-51
-316
-85
-256
147
-64
-52
-79
59
109
-250
87
-308
-248
-245
-88
-92
50
-122
60
-181
-239
-70
50
104
-61
70
-126
99
-90
-197
-55
-271
95
64
-148
112
-66
54
-109
-128
54
-71
56
-86
67
54
-240
-69
-87
60
-307
-72
-56
-203
58
-399
-252
69
116
71
74
-58
-259
-257
-291
73
-90
-144
-51
-187
-55
-242
-117
56
-308
-137
177
-240
-64
-234
-55
-151
85
150
82
136
-243
-54
-313
-77
104
-96
57
-54
-54
-111
-210
74
-296
-107
-251
118
-90
-73
54
157
-434
-51
-320
-240
-73
-121
58
188
-109
-128
-160
-134
108
112
-281
-77
51
139
136
-244
-72
50
-77
-380
53
86
-73
-51
-50
55
-68
86
55
97
58
-293
150
144
-252
132
-62
68
77
50
-248
68
-389
-261
138
-62
-243
-65
69
56
-94
50
51
-75
-93
-238
123
-82
60
88
108
-55
-116
-75
-92
-59
-287
-69
-210
-308
-293
-218
-53
-50
-82
-71
-77
-70
-77
-120
-81
-63
-277
-95
86
-66
-53
-402
-64
-178
-236
-269
-76
116
-275
167
-373
110
-88
-60
-115
-60
-447
-99
115
-54
-251
-58
55
-153
-156
76
53
-119
-239
-72
-132
-57
-159
-325
-87
64
-62
-128
-238
96
-104
-71
-68
-393
-256
136
-213
-137
-50
108
-281
-75
-214
-134
-51
-58
-99
-60
-117
-66
122
-80
67
86
-58
69
-60
-237
55
152
-57
-98
88
-197
-107
-137
-94
-55
-63
-52
-63
62
-60
-50
-51
-307
-364
-57
-191
-61
57
-203
72
81
-188
-50
-315
-56
160
-91
-61
61
-84
144
146
-194
85
-125
70
121
-336
-111
-111
-86
-107
-349
71
-71
-75
56
71
55
-81
186
-104
97
-164
158
-548
65
54
58
206
-187
127
71
-158
52
-69
168
68
-66
64
-354
-133
135
113
103
100
-51
58
-50
89
-382
-255
81
112
-56
81
-139
53
137
-255
-70
114
-123
-458
64
-139
142
68
-78
50
92
108
157
-101
89
-99
59
80
-246
-126
87
112
58
65
57
100
-84
-809
-202
-238
79
-57
-50
-60
64
-81
-324
-349
-57
-66
-86
53
-260
-240
80
77
50
104
-235
-55
-109
127
-244
-58
78
-92
119
-242
122
-411
-282
52
-467
79
-185
-53
-287
-86
121
-197
-106
67
-227
-76
51
-248
-140
-79
88
73
-62
54
110
-61
-94
-107
-121
-51
207
-55
-72
-56
148
60
60
-59
-239
-289
103
-93
-414
-141
-90
-114
-155
-82
81
51
-257
-64
100
-142
-628
120
91
91
-282
-97
-71
-140
-98
-62
83
-239
-132
-103
-121
80
-76
80
88
-66
104
133
52
51
-249
-305
-97
-106
-96
-78
-74
-212
85
56
-60
140
54
98
71
-240
-240
-229
-257
-147
-52
-60
109
-51
163
-59
-76
-79
-63
-52
-210
-300
-243
-242
-235
-255
-60
75
166
-244
-128
-247
-430
-159
66
-50
-90
-168
-111
-344
-53
-84
156
-100
-159
-84
56
61
131
-151
54
-371
99
52
-257
-101
-74
164
99
172
123
-50
-284
60
154
53
-92
-284
71
-60
56
131
-157
-54
-287
53
-62
95
-53
100
50
-86
-227
-168
90
162
91
-151
-104
119
-55
-241
-156
99
-53
102
146
61
-51
-564
-331
59
-169
-64
149
-374
-171
81
-673
-305
-341
-268
-116
66
-167
95
113
-162
-109
-443
-119
96
51
-102
-333
-52
56
104
-56
100
-256
70
58
-50
91
73
82
-338
-97
106
52
97
-54
55
-324
-222
55
70
-120
-55
-255
-76
-488
51
-206
71
54
-62
-148
139
-249
90
-217
127
-195
-255
120
64
50
-268
-280
51
-66
-102
147
70
125
-52
-60
-63
-176
70
96
-142
140
-130
-62
-163
-251
84
-98
170
142
121
156
66
-119
66
-55
68
-58
-509
-158
-60
-235
-167
59
73
-64
-126
54
73
59
85
-52
-327
193
-256
144
60
-61
-257
-253
-649
-243
-64
-399
52
-162
-56
101
-129
79
-245
78
-81
-72
-244
194
-64
-63
63
122
-202
-228
-69
-53
78
87
-240
-52
-54
105
-243
77
79
173
146
-297
51
61
199
-63
-56
-71
-241
119
-164
-249
-69
126
-65
-251
51
-126
95
68
-275
-77
150
72
82
-51
51
-94
76
61
178
-154
70
79
55
99
93
145
77
94
-143
102
209
-71
-53
-54
167
140
102
-104
-126
81
67
69
-56
-237
-277
52
73
-50
62
208
-72
55
54
-54
-66
-68
51
-243
75
66
117
147
-271
74
60
125
-100
-94
-251
108
-140
-263
100
-67
-75
-407
-127
85
-51
-55
140
74
51
-82
-87
54
51
-68
-54
-243
-163
-200
-137
-122
63
107
60
-661
-187
-161
53
131
-50
-383
-66
-51
-123
-75
-110
105
172
68
-50
-66
-61
-66
-56
-72
-236
-157
-219
-55
-331
-202
70
70
-51
-64
-52
-67
-88
110
-68
-336
-125
-73
57
-302
-316
76
94
-85
-53
81
-93
-74
-72
-191
-60
55
-119
103
100
235
-65
-102
81
-176
-96
-172
-241
69
51
74
75
-128
-110
229
-82
-92
-507
-142
-176
105
74
-52
-55
-54
-72
-67
89
-62
-294
-50
54
-69
-249
-67
-52
129
-120
-656
-64
50
-487
114
-600
-122
-170
-55
-130
57
-58
78
57
-109
-358
118
-274
-152
-89
58
81
-788
-58
-52
-252
-218
-56
55
-87
-101
-110
63
-165
125
140
-257
-66
-88
85
94
53
57
-142
-267
-127
-72
67
94
-61
-240
-254
182
-199
-52
-78
102
50
-155
-104
71
121
-123
114
89
61
94
68
-61
-107
186
-72
-151
-54
-80
103
-95
-284
-51
-78
-80
-277
56
-64
-255
125
-170
-91
-89
93
175
-105
-321
-118
-50
-250
-244
-267
78
-61
-237
-103
-243
58
63
91
151
-514
175
-87
-56
50
-152
120
64
-480
162
62
-172
-162
93
96
121
112
-239
118
82
81
108
115
52
188
-88
104
50
-50
198
-53
50
-79
58
162
-321
57
54
-116
-54
58
-107
-67
75
-50
-58
-140
-252
94
55
-247
-57
-70
132
89
70
61
56
96
-60
-153
-72
55
-68
77
-111
97
52
-114
-222
74
-247
53
64
-68
-549
-96
-92
120
-187
50
-52
102
-189
111
-130
-72
-213
-52
54
121
-118
-242
-76
193
168
-392
-54
146
-484
-321
83
-170
-377
110
-69
53
54
-250
99
84
-391
-157
88
-190
-634
61
-360
164
94
163
68
52
-617
-446
-98
103
-248
95
93
-108
79
76
-59
68
-187
-96
-114
74
-237
-51
90
-61
-137
-60
96
-82
-129
-54
78
-226
-85
-198
-54
-364
-74
-51
67
52
-323
90
53
-59
-79
-354
56
-76
-60
54
-502
-112
-112
-67
-78
-187
-246
-148
-110
128
-72
-60
-98
-201
-203
-294
-86
-56
-140
-68
75
-191
-63
-70
-198
-223
55
-90
-267
-64
-57
-84
71
231
-74
-53
-225
-51
-182
-579
-102
-105
-112
-98
99
-359
96
-72
-155
51
-58
50
-67
-109
-331
-460
-185
-399
-108
-87
-134
-60
-58
-54
-150
-185
-212
79
-119
-142
-70
63
-168
-328
-265
-74
65
-168
-79
-191
-334
-224
-194
-169
-366
-574
-146
-99
-98
111
-484
-57
-70
-73
-98
80
-66
-257
-67
114
-105
-64
-99
-87
133
-56
-58
-331
101
93
-307
-104
80
81
84
-78
-111
-71
59
-165
54
-143
-140
56
-305
86
-227
-332
-61
-100
-203
-132
50
-96
-205
-150
-75
50
-154
-96
-61
-203
-317
60
139
-112
-73
-118
64
104
57
58
-133
-337
-159
-250
-103
111
-106
-136
55
-158
104
65
56
-77
-158
65
84
-81
-51
-74
-62
-285
56
-133
58
79
84
-107
194
-56
60
66
-93
85
56
-99
-174
-128
-53
56
-64
-191
540
84
-310
80
135
-186
-54
-51
-369
145
-76
-52
130
136
-72
64
-62
-123
-78
111
91
62
52
-525
-245
71
-104
-259
156
90
-226
-76
-57
80
70
-130
52
70
82
-141
-54
-256
-162
-436
65
-98
-258
-73
60
-59
-62
68
63
182
-89
80
144
99
-112
107
-88
-63
-72
-152
-253
68
71
-59
-98
82
89
-332
91
106
126
77
-60
-111
111
140
139
92
-126
123
-522
54
82
-54
-238
-255
79
54
98
-186
82
-232
144
-79
95
-140
-307
60
-260
58
66
58
-58
67
-50
-123
-328
-287
-99
-56
-54
-103
-103
179
-87
153
-214
-173
-55
58
-241
181
-256
-222
-101
-107
-142
-245
-288
-54
-250
107
88
-105
-97
72
79
-185
-247
-114
132
94
-239
67
62
67
-53
-173
-58
57
-56
96
101
-134
-268
124
56
-142
52
69
82
77
-100
-251
-51
-82
140
-397
76
-144
-242
-84
-238
60
-51
81
-103
57
-120
63
-240
-51
-250
72
132
-50
137
-262
64
-117
-391
-173
103
60
50
-51
82
182
70
125
-61
-245
-75
-60
-317
-65
-449
58
-61
-119
61
-96
-106
-129
-243
102
176
-124
-505
56
-289
-239
-241
110
56
-245
-158
60
102
-82
-65
83
-58
-80
-104
-137
-64
87
-62
-169
-96
-381
-66
-123
133
139
136
-579
-60
62
-115
-64
-157
-62
92
-72
-143
60
-134
-97
-154
52
-235
114
-50
51
82
-50
-55
-109
-53
-254
109
-72
-233
116
-56
89
-202
-431
63
-52
-339
62
-73
-53
59
-300
-189
-68
52
54
-229
88
-96
-120
89
-111
-145
94
-147
-58
-217
-166
-131
150
82
-331
54
-650
-144
102
-82
68
78
70
-223
88
-50
-76
-160
59
-206
-82
67
-109
-155
52
-386
-169
-185
-84
145
88
-76
-288
58
110
-452
-55
-490
-70
62
54
-130
78
60
-249
-261
63
86
-314
-420
-238
-330
79
64
-65
-263
-235
-58
-245
63
95
-123
73
-335
-259
68
-50
-50
119
-331
-205
109
116
-54
-500
-93
175
-50
-52
149
-69
-376
93
-70
-116
-145
-83
105
-206
-113
-53
58
-66
88
59
-466
-222
-54
56
50
-56
56
-251
-81
68
105
55
-82
51
-253
-64
50
123
-311
-427
-333
102
52
-114
68
-102
100
-165
202
125
-245
-230
51
-246
83
65
80
52
-141
64
58
-228
-89
120
-76
64
75
87
-255
-66
-137
-88
-222
72
50
54
-58
-78
-85
81
-257
-336
87
123
-84
-288
-101
68
-259
71
124
-53
116
53
-50
-244
151
-248
68
-286
-225
76
-54
-189
130
65
-321
-242
111
118
52
75
68
53
-75
-156
-108
-374
-152
63
85
60
-240
-50
130
-190
70
77
55
61
-57
-96
-53
105
114
68
52
-78
80
79
-55
-126
-469
116
-143
54
-277
-67
-98
-229
-241
-245
55
69
-55
-64
-51
-64
-60
-299
50
64
124
-84
-251
-223
-248
94
-524
-324
50
-179
-72
53
-51
97
68
72
96
-83
-159
-110
-92
55
-57
92
-294
55
61
-71
55
-166
65
181
-86
-99
136
103
76
81
176
-55
-410
-67
175
-52
-245
-103
-61
143
-376
-398
71
-139
109
-231
137
75
118
113
125
-239
-55
-132
76
105
-61
-292
55
90
-88
-59
-70
-247
67
90
-57
-100
-307
-230
52
-100
-109
-137
107
75
-78
-54
-179
-248
-65
-54
67
-114
-75
76
-56
-66
-111
-249
72
-74
-168
-131
67
-251
-53
101
-83
120
-62
-276
-56
68
64
-206
-166
53
-211
117
-391
52
-170
-177
98
-242
51
149
-119
-321
-50
-54
-248
58
87
-91
113
-62
-88
89
56
-50
73
-69
-199
-183
80
-112
-72
86
99
71
-105
60
-257
-260
85
-52
-309
119
97
-84
-146
-55
113
-80
-145
139
-86
104
-126
63
-56
52
52
116
54
-82
-269
-455
-103
-56
-70
94
-82
-159
57
95
190
75
-56
-320
-54
-76
162
70
-363
65
66
-93
-305
-53
-242
-252
83
-110
72
53
-257
-405
-301
-52
53
-242
131
-261
-61
50
109
-206
-58
-79
59
-245
-60
180
75
63
-69
-261
-67
-188
76
75
57
80
53
-59
-315
-112
-109
53
116
-242
149
55
-73
74
106
103
-160
-66
54
89
-80
-60
51
-208
-64
51
-261
-170
91
-127
-78
-357
52
-355
-51
85
95
-465
-174
70
137
73
-58
-52
-50
61
-88
-309
-308
-112
-91
70
156
-176
188
62
-128
-51
-97
-165
117
-61
-189
-614
-286
-394
59
-93
-106
-178
104
-64
-56
-136
-305
98
86
50
-62
-88
196
-130
-81
-76
-75
-130
-267
65
-64
96
62
-57
-76
-134
-361
79
63
-59
-218
65
-88
-59
-257
-193
82
100
-73
-51
88
97
-104
-415
-284
148
-102
114
64
-217
-108
-159
-195
108
80
-52
-311
54
134
-66
-78
-60
-62
-96
-117
63
-184
121
139
-66
-50
-53
-68
-62
-52
-123
-130
59
-142
-485
-134
-60
-126
-446
-270
-158
-177
-54
169
56
-50
-117
-150
-83
63
-338
-54
86
58
72
108
60
-183
-75
-342
-221
140
-75
66
209
-54
-340
-182
-350
-534
59
-136
-56
-99
77
-72
-92
-69
-417
-408
-390
-88
-259
168
59
57
79
74
62
-848
61
-156
-92
-605
114
140
140
109
-103
74
-190
-69
113
-55
169
-66
59
69
-108
-266
111
113
-51
58
-129
-80
-88
-421
-61
-197
-83
66
207
-75
145
172
108
98
-242
130
-75
66
77
61
144
94
79
-205
315
-80
62
183
61
-176
-52
81
-141
59
-77
-75
-192
51
58
-60
110
159
73
54
-195
-69
-261
-235
-345
-55
-82
75
-69
-241
-191
-236
61
103
54
86
-56
115
-355
99
-64
-349
-168
74
145
-244
-170
84
-62
-248
61
-245
-86
68
-146
-316
-94
-182
79
-252
-243
-54
-51
-143
173
-386
-50
91
106
166
57
-349
57
144
-274
61
109
84
80
-259
59
-187
-60
-327
-246
-242
-261
-671
-163
-61
97
-56
-253
-292
-309
-50
181
50
-244
-60
-59
-216
90
-50
113
-212
56
-242
-281
-172
-54
-322
-247
-134
67
-135
170
92
82
85
-247
-56
86
-68
67
-257
109
95
-86
-488
-249
-671
-245
-261
-445
84
54
-59
60
-231
130
-152
-368
-54
172
54
-77
102
-65
-57
110
55
-255
-247
-50
-68
-195
101
-183
-264
110
66
103
-203
-237
-171
100
-101
-369
52
-104
-118
-64
110
80
68
61
-148
-244
-63
51
-209
62
-128
-249
-58
-71
100
-241
51
-246
62
-167
-74
169
-60
67
64
-335
-59
-55
66
-242
-307
129
161
83
-267
189
113
-177
-53
-144
176
112
-63
-52
-59
-50
82
-311
-281
168
115
-201
-66
-69
-51
111
-396
163
-129
-194
-400
58
-99
74
-255
-64
-147
66
-327
58
-67
-247
52
-381
-68
-116
58
-99
-50
91
104
-85
88
68
-78
-59
153
-67
-215
-288
-130
114
-286
-359
-71
74
-62
-56
50
-109
-77
-72
-99
56
-86
-111
-57
-72
-121
-370
-110
-248
-50
-293
-127
-406
-123
-104
-167
-101
-60
171
-90
-241
85
-63
-158
-59
-50
-64
-387
-261
-122
-54
-50
-208
54
-243
213
59
-354
-98
-50
73
55
-289
129
-248
-90
-76
71
-141
69
94
194
94
62
133
-86
199
-121
-53
-203
-60
-101
-84
-58
-258
-55
-82
-55
-262
-52
-171
53
86
88
-67
-644
80
132
-690
-65
-60
-95
103
83
-134
-67
57
61
-52
-110
-97
75
105
-124
-259
73
-57
120
55
175
-62
126
-131
70
-240
120
109
179
54
-387
57
-249
-245
-107
-214
107
-218
-235
66
-276
63
-55
71
-82
70
-145
55
111
-149
-70
-246
90
-147
60
-159
-458
-84
78
78
121
122
-244
-69
-301
53
90
102
118
52
-88
52
-668
117
-152
50
-349
-50
-62
-90
-243
-73
-60
133
-147
96
50
-51
97
63
-245
174
-313
116
-128
-116
114
87
-515
-341
72
-53
-55
-247
-138
183
96
50
69
104
-398
-241
-271
58
50
-94
72
-86
58
-289
114
-343
60
-295
68
159
126
-51
59
-53
92
-161
-54
-86
51
-84
-250
143
84
67
69
168
-209
-54
52
153
-119
-55
-116
-169
56
-58
-200
-163
-50
-60
-329
57
50
-185
87
145
-103
173
-81
96
-162
116
70
-126
80
-100
98
-115
-134
85
-71
-118
-125
57
160
-198
-254
58
-143
74
-242
-258
52
59
-131
75
61
-611
-258
181
50
-55
60
-167
125
-242
-156
58
63
-193
-52
-58
152
-73
-77
-73
97
107
-84
-126
68
-142
-325
-60
-154
-66
-201
-104
-307
-240
-56
-86
187
-85
-106
-55
137
-179
-143
-270
-119
-175
56
90
-59
67
-203
104
-69
-117
-184
-234
108
50
72
91
-323
65
71
-69
-441
66
52
118
154
-84
74
-213
-110
-68
64
-137
-276
-240
61
-130
-81
-50
107
-356
76
-194
-158
53
-248
-56
78
-147
58
-50
-52
-88
50
-58
-86
-120
-84
-100
156
-267
-53
55
-246
-51
65
72
-116
-50
55
-136
107
-320
51
210
-51
-255
-121
180
-285
-178
-231
-135
-66
-210
-201
-170
-384
-63
-170
93
-123
-231
-216
-50
60
74
-305
59
-278
84
84
-212
-85
-106
-409
-133
-182
-318
-98
56
-51
-96
-87
-83
-218
-367
-161
-75
-68
-50
52
164
-108
-268
56
-385
-113
-54
-194
130
-105
85
-99
75
-55
58
-145
-95
68
-241
-208
-187
-60
-97
-52
-53
58
-126
121
136
-218
-70
-244
-612
-179
-118
-178
-93
-143
-77
57
-93
-63
-52
-82
-130
-96
-147
-141
75
-193
-219
-76
-139
-137
88
-149
-117
-106
-59
-260
-149
-131
-99
-53
-120
-54
-54
84
-171
-312
-155
-82
54
-273
64
-250
-89
-115
-80
52
-231
-101
-146
70
-128
-56
-359
136
59
-99
-80
-106
-311
94
-56
-55
-152
-668
-585
203
-60
-66
-188
101
-62
85
140
-51
110
-134
-165
-177
56
-222
-57
-934
-234
-106
61
-66
-59
-165
-77
108
60
-252
67
74
-58
-90
-170
-119
-69
-54
-134
-135
145
-73
126
-237
125
224
102
53
-60
-575
-75
-50
85
110
155
-149
55
-61
-60
59
119
149
-57
59
79
-158
-284
-442
65
-54
-68
-345
-272
85
-55
164
-92
-227
-50
82
-318
-94
-104
193
86
54
-160
-239
-52
54
146
153
-183
-52
56
-76
53
-63
-84
-179
-157
141
-260
99
-244
-243
52
126
57
139
-102
-265
-104
-241
86
51
63
138
71
82
76
-130
178
63
64
-55
-246
-54
-244
-54
103
61
-80
77
-257
-164
114
116
-244
121
74
-246
109
-175
-69
77
57
-153
-60
116
-60
-53
-267
-243
-212
63
-98
106
118
-84
96
-68
-52
70
-565
-145
51
-55
-217
61
147
62
72
117
55
55
-51
-67
-52
51
-55
65
109
77
154
111
87
51
72
-66
109
122
-82
151
205
-279
50
-498
-52
-231
-103
-66
70
-53
-93
-250
-457
-167
-58
-96
-120
-74
62
-50
63
-255
-82
147
59
-50
99
64
160
80
64
215
-60
-72
127
-109
-276
179
149
-114
94
-144
-100
-246
75
55
161
-410
-227
50
69
100
-142
-140
59
-52
151
-174
-92
-257
-103
-245
-397
-135
-138
62
181
57
55
73
-93
61
-52
68
-452
-51
120
-137
-163
-57
133
-52
112
164
-238
145
-55
-591
-131
-275
-282
-94
-69
-265
106
-240
-95
-53
-100
150
56
109
122
96
52
-95
-74
69
106
130
117
-400
82
-435
57
109
58
54
-517
-551
-405
-721
60
-50
105
-222
-60
-54
68
165
51
53
-303
-91
111
64
110
-68
141
-179
68
-176
-103
-101
-57
-283
-398
-90
-142
-157
-259
141
-133
-124
64
60
-113
-88
69
-169
-130
-250
-134
-60
113
-115
-498
-64
-51
-268
-173
-88
-62
-124
66
-50
-60
145
-132
-89
-507
66
-130
-83
-176
-263
-59
-59
-76
-425
-81
70
50
-62
80
-71
-592
-74
-345
76
-292
-142
71
-244
-118
-110
-173
-60
-164
-137
50
-128
52
-123
-217
-66
-112
-101
-110
-131
-100
-56
-72
-197
115
-132
-435
-69
82
-442
-52
-52
-53
118
-79
77
88
67
72
69
-50
-100
-58
128
-60
94
-50
-50
50
-293
136
-71
79
150
-78
-57
112
-58
63
176
-221
169
67
-75
-60
-59
-257
-93
67
-83
-264
55
78
-82
-59
141
-251
-50
71
-276
71
-241
-102
53
61
-52
160
-51
-175
129
-254
-58
-87
-57
-138
66
132
-52
-125
57
-60
57
-59
86
-140
53
56
-60
69
57
94
126
62
159
-57
-53
66
176
57
85
83
-197
-145
-367
117
72
57
-87
79
65
122
-98
-96
62
137
-50
-61
-186
-174
-229
73
174
-271
156
-234
-136
86
63
52
-56
173
-110
85
-131
-108
70
-58
72
75
77
-77
-171
-51
110
57
-65
56
-241
-561
-75
82
60
52
-442
-96
69
-223
77
-245
-101
161
-207
-136
-70
-61
58
137
76
-266
-104
63
-381
-192
51
79
56
90
-57
-78
87
-267
-95
-257
-240
84
-97
-231
-79
132
-95
-84
-176
182
63
128
133
51
151
135
-288
-219
130
-50
-81
-208
-60
89
-242
-96
57
107
105
-51
111
103
-160
-246
106
-149
161
75
142
-158
-307
52
-109
80
98
161
-98
125
119
-211
-240
63
-52
54
146
-54
-184
84
-244
-77
64
105
-239
-61
113
-241
-241
-114
-54
81
106
-245
133
-321
76
-50
-146
108
-122
-88
79
92
108
58
79
-62
-179
78
51
-132
77
-56
-202
127
-249
-242
83
181
-286
54
-70
53
-141
-160
-64
53
-134
66
-130
51
-252
-159
-54
62
73
60
-252
-69
174
141
82
56
77
-77
192
-76
66
-255
-324
-244
-323
119
51
-57
94
166
-55
145
154
56
54
-52
55
-59
-51
184
125
52
-100
-226
-56
-185
-51
89
-235
-122
77
-635
52
68
-377
50
68
76
146
55
-72
165
-164
118
-253
66
63
-62
-264
-127
120
-71
-58
-50
53
105
-56
128
-129
-55
67
-231
80
118
82
-78
53
-66
-90
-60
70
-50
-203
-53
201
71
-193
107
103
-55
-52
52
-373
-183
109
-241
-54
-105
-147
-131
84
68
244
57
53
91
-76
101
-324
-52
-240
-76
-143
139
-102
-68
-66
-56
-209
-505
53
-60
-116
95
153
-67
-256
-271
-80
139
-573
-133
61
-73
-70
361
-269
59
89
-160
-58
51
-64
-61
109
-204
92
-95
-51
-53
-82
-88
161
-66
136
-392
-134
124
-123
83
73
-505
-482
117
-100
-94
87
56
-202
82
-84
-82
-52
-172
-248
60
-264
59
164
-455
-184
-53
-62
-247
-215
-155
-70
60
-389
-243
-114
-97
60
106
-177
-64
-253
-227
-100
-99
-72
89
-73
117
75
-56
-188
-71
55
-94
86
57
69
109
-101
-196
-132
-59
-144
-60
-171
-110
-139
-149
-278
-52
78
121
-245
67
71
70
-90
75
-227
61
122
61
52
-272
-57
-192
51
-164
-572
-244
181
-399
-141
-263
77
-75
-174
69
66
57
103
196
-309
-247
123
76
51
-60
-239
-245
60
51
-245
-249
-63
82
95
56
-243
-51
-492
-56
-281
-301
-136
-116
63
107
-225
169
187
-83
-239
-187
-240
-244
61
121
-742
-156
-52
127
182
-58
96
-300
-89
55
67
-260
-288
-110
-78
-81
60
75
-311
123
-139
-220
-224
-243
76
-211
90
-50
-288
104
-107
67
-316
-55
-83
-50
117
-76
-131
194
-81
55
152
56
-354
63
-194
80
63
184
-294
-96
203
64
-58
69
50
-83
153
-57
-64
111
72
-246
-409
-449
-98
89
70
83
-210
206
-244
94
-242
67
153
61
-243
139
-67
74
131
105
-259
-87
110
183
59
-53
94
-50
65
86
-98
-74
-117
58
-223
-683
-87
86
-60
78
106
-255
73
-50
-208
93
60
106
79
134
-128
-242
-82
73
-69
98
-82
-241
-331
-253
-123
-126
-63
-52
-317
114
-54
-64
-364
139
-51
-74
-352
-247
-244
70
78
100
-148
-63
-831
145
84
-142
68
-253
63
-74
-57
-165
53
50
-58
120
67
62
186
-382
-63
86
147
135
55
-124
-253
59
-259
63
83
-116
-83
-55
-228
-112
-236
70
-246
-78
-51
-286
-132
159
106
-245
205
-70
-251
73
-307
-55
-243
-242
58
70
-83
-263
-135
-50
115
-162
-401
102
147
-54
60
62
-54
-60
56
77
-263
-340
-235
148
108
-324
71
-96
-245
-747
-98
172
-117
69
68
-60
-180
-143
59
73
-258
68
-94
73
56
-74
187
60
-244
-76
72
-85
-55
57
-253
109
59
71
-104
-160
118
-274
-58
-68
-53
60
-189
-142
-66
-71
-68
-60
-132
-262
-55
-179
-254
-122
-106
-56
-200
114
-50
-183
50
-51
-54
-79
-112
-130
-787
78
-64
-132
85
-132
-50
-371
88
309
145
108
84
-136
122
-62
-106
-118
-90
-145
-117
-631
-91
-368
-93
95
61
-75
52
-51
150
106
136
94
61
64
-50
-78
-104
-208
-76
70
-55
50
72
73
87
113
129
-50
-204
-191
-137
-101
-461
100
-182
-131
51
-120
64
134
-299
-102
57
-56
-243
65
-319
150
139
-81
86
64
-235
-52
73
98
-102
-100
103
-78
-78
81
93
-115
92
-396
-107
-71
-54
108
68
-58
115
-170
-58
-447
-69
-87
146
-72
-66
-233
62
88
-54
-357
50
-102
-246
-52
57
-215
-100
83
-108
-278
55
69
-257
143
-304
159
-243
-57
108
81
164
54
-66
-304
57
-102
-130
113
95
-105
-52
-196
-98
191
188
-81
54
-52
98
83
94
85
61
55
-282
78
-161
-141
-50
-260
-195
-256
-72
-175
-250
-62
-157
92
-170
84
82
-222
-195
-137
-70
-238
90
-96
130
-117
-82
124
-68
-178
-264
59
53
56
-252
-105
107
-112
-51
68
-118
-66
77
94
-339
169
-370
-276
119
62
-244
52
-57
78
98
-63
88
54
83
71
56
-323
63
-129
-65
-63
-244
-99
-223
-323
113
86
116
116
67
-200
-67
-59
-50
63
-105
-86
84
73
-58
-259
-62
69
68
74
-123
51
126
52
-262
111
-320
-356
-264
-262
62
88
58
-51
-150
-141
-255
65
51
50
-113
60
-285
-246
63
185
51
51
66
-175
140
69
94
-85
-260
-64
58
-58
-78
139
-52
-64
-64
-242
-83
-395
-138
-56
152
-68
-138
116
59
86
63
-95
-180
185
51
85
-442
183
96
124
121
-80
-164
-124
-209
-104
-114
-106
-198
-236
-67
66
-81
57
-62
-69
-282
56
-128
218
99
-129
-143
69
57
-179
62
-58
-243
-250
56
152
-252
-242
-62
-157
90
-105
72
-132
-214
-61
101
123
95
61
-326
-308
-93
-268
178
-191
-52
-181
172
64
-67
50
-239
-53
-145
-74
-90
66
-680
84
-254
-258
81
-63
74
197
-60
-193
-171
104
-74
-440
64
-74
90
-130
-100
64
-124
-244
146
120
97
118
-135
53
-257
194
-232
-138
-61
-242
-68
-246
103
63
-63
146
80
-76
-332
-50
67
-69
-93
51
153
76
-107
148
-268
-55
57
77
62
-239
-263
-183
73
106
-79
94
-60
-102
-286
-207
-59
-680
-241
73
-450
51
-70
56
65
56
-80
65
-217
58
122
-74
92
-320
89
-85
-101
64
-247
53
-290
100
97
166
70
167
67
85
55
60
114
65
-135
59
86
-102
108
112
133
-85
-53
-82
-92
-77
79
-88
154
-393
-95
85
-298
189
-231
-320
-56
74
87
-62
-68
142
59
-78
-150
-237
164
-117
-164
77
50
-255
-169
-50
61
-145
-243
69
103
177
103
136
-136
-135
-55
-80
51
120
-135
-290
126
118
124
183
50
-182
160
94
109
-165
-109
77
-104
59
-251
130
85
-50
-140
84
-86
122
-138
50
-131
-243
-214
-128
135
69
109
100
-103
92
-62
70
168
-71
-229
84
65
92
97
-75
-76
190
-314
-486
-52
-243
-245
-324
75
-241
-229
-83
-53
-161
-261
72
78
-271
54
-145
-55
-81
94
68
52
-60
105
89
-64
198
97
-241
-88
-191
-197
60
-51
85
-61
142
137
-88
317
68
68
-115
-372
-50
-58
-53
-56
-87
-159
-52
-78
-54
-69
-126
-52
-86
58
-56
-206
-68
-134
54
-144
-66
55
-60
80
-80
-244
-67
-165
-75
-303
-138
-484
187
-156
-443
-270
-51
-50
-50
-320
-121
-111
-109
-301
-310
-87
-74
-64
-218
-227
-177
69
-358
-112
-239
75
-55
-235
-209
72
-172
-68
-59
67
-72
-248
-58
-56
-133
172
-209
-73
-92
-121
68
93
-103
67
80
89
-86
117
-64
51
-62
-92
-68
110
76
93
-85
-80
170
-96
52
-79
75
58
67
85
-244
-204
-312
-54
123
-61
-67
-101
87
-53
-50
118
-250
-52
-152
-118
105
-52
146
-387
-137
-321
-170
-61
-56
-99
-376
-80
-184
78
50
91
95
-241
97
-250
57
-371
-61
-276
-260
-72
-55
-77
75
54
126
-63
-51
61
55
-108
-280
-126
-130
-56
-51
100
75
112
50
-71
142
-53
-113
-62
71
-214
160
74
56
95
62
143
73
-258
-268
-66
-53
-53
87
81
68
-118
-292
-52
61
-251
-85
-70
-56
125
69
-207
114
-125
-129
106
-59
54
-53
-123
-57
-118
70
-74
-58
-89
-283
-75
-62
106
-122
-126
137
-126
-242
86
54
-58
-51
79
-68
-208
-247
57
-108
50
-177
78
-60
67
53
-230
53
-51
122
118
56
-253
-243
-63
-98
120
89
-55
55
-66
118
-247
84
-610
106
-236
-130
-105
96
79
-197
-59
-56
-114
-232
-259
-52
-681
-209
166
97
-78
58
98
-96
-78
81
69
-106
133
137
83
-307
70
85
81
160
95
-241
93
-102
-56
85
64
106
98
118
-63
54
-59
-92
-94
-99
-233
176
-57
89
-272
123
-175
-406
-61
-83
98
-90
-163
57
-64
-56
-241
-82
-132
-302
-299
-140
-83
-248
-50
124
137
53
52
51
80
-231
-94
-54
-104
54
-124
-129
-295
-90
-103
-86
-106
110
-68
101
-85
56
157
115
-267
-56
-303
-295
133
-234
-368
74
53
-154
-51
-150
80
104
-56
72
-164
84
-52
-74
-75
-126
55
54
52
-55
58
80
-134
-335
67
-130
-331
-75
-227
-59
173
139
61
-240
94
-115
-393
-54
54
-186
-155
-52
-67
-234
58
-63
-594
58
73
-333
-152
-59
55
67
-383
-315
86
66
-73
96
118
74
-259
95
-69
-217
-241
-80
171
-78
67
102
-321
-172
-464
116
-240
-73
169
54
-241
59
-70
-163
69
-62
-115
-110
-56
112
55
-126
95
-256
-256
-450
-195
96
72
141
-241
54
-211
57
-160
-52
-239
-299
62
-62
50
-86
-134
-97
-68
113
-73
95
-349
-152
-331
-277
131
60
-433
55
56
-242
152
112
52
80
110
-68
-69
124
-128
-50
154
-477
-170
70
-92
-276
52
-52
-58
52
-386
134
-85
159
-61
154
-323
-451
62
102
78
75
-389
-130
80
-536
-221
-658
-122
-304
-231
-243
71
125
84
126
-246
89
-284
-91
-60
90
66
-295
87
-91
65
167
62
-84
-52
-71
77
58
63
-55
89
85
62
-86
187
-91
-69
-59
-80
-182
53
-52
-143
-142
-235
-51
65
91
175
-58
160
-59
188
-130
-80
53
88
-243
-274
83
169
89
-585
-56
-98
64
90
-113
-106
-247
-168
-72
-188
-87
-82
-52
-210
78
-246
-68
57
-179
53
-50
69
-151
-150
51
83
-377
-96
98
-54
67
-155
50
94
147
161
-347
103
-51
57
82
-270
-130
-58
-59
51
-62
-55
51
99
-135
62
67
-246
52
-54
-50
-63
56
66
51
122
-67
52
84
60
-95
112
-297
-200
-111
-83
-220
64
74
50
78
-173
-84
-69
-80
-68
162
-105
-62
-318
-276
-122
-190
127
129
-69
-236
-175
-216
153
-70
-56
-66
151
-54
-230
58
88
54
-685
-255
-73
136
-65
84
-77
63
-78
60
-269
-81
-56
51
-141
-112
61
-195
51
-102
-194
-52
-76
92
-181
-92
-156
62
72
-265
-75
89
56
90
69
-205
119
53
-52
-264
-196
-84
-127
-56
-131
-165
-107
-84
-50
-256
184
-84
-100
108
-62
-253
-84
-50
-246
-168
-231
-134
-100
-58
-55
-123
54
-50
-134
-227
122
-195
-69
-303
68
-57
69
-142
69
54
-211
-60
-67
152
154
76
92
-240
121
-66
72
-117
77
60
-270
-208
-63
-90
-102
-162
-445
121
134
65
95
-62
95
53
65
56
-81
-740
63
-60
-230
-173
-64
-156
67
-54
-59
-50
72
107
60
-236
-135
-239
-201
138
-50
193
177
83
-392
-242
-60
143
84
-134
74
113
-147
129
168
-50
-260
85
-323
68
71
75
-246
52
-238
-55
78
-91
52
-50
-75
64
-316
-194
63
64
-63
158
-216
-184
72
91
-57
60
146
-53
-63
-140
-60
58
-244
-265
-532
117
50
-301
-51
-250
-50
-65
-72
-710
-143
-58
-253
-111
-170
-68
52
-136
51
86
-151
57
-105
-294
-250
-243
69
140
87
74
50
-94
-266
62
181
61
-268
-256
63
73
-54
78
119
60
-316
105
103
-167
60
-58
81
-50
91
-311
180
-66
-50
-72
-197
-245
-83
-280
-375
-58
-256
67
-142
160
-245
92
-106
-237
-341
-120
64
52
-85
84
-365
-192
-234
214
-59
-257
-57
74
-63
-200
-246
-103
-50
123
98
-247
-56
-56
-88
-88
-78
-240
-59
-101
-388
-556
60
87
-215
-67
-145
-59
-95
174
-284
-302
50
134
67
70
93
187
-247
-503
113
-691
109
80
-60
-178
-60
-50
-144
-67
63
-257
-102
-247
84
-252
-148
-69
63
-241
-266
-53
-90
-64
129
-51
180
151
105
-100
73
101
-50
-58
148
-182
-265
-261
109
58
52
-246
-83
55
-123
-64
-307
-171
83
-61
-223
83
-71
-60
80
123
65
-88
-192
73
-131
65
-61
-177
-54
-175
-82
86
-560
56
152
122
99
-175
-324
154
-230
124
-58
96
-165
-191
142
61
67
137
-286
63
-54
94
75
66
-52
-241
-282
-580
-390
-266
126
72
-116
-55
59
-94
-59
-51
59
70
-50
153
308
-204
100
-265
-58
-51
-80
53
-77
82
-101
-306
65
-468
-358
-221
75
-76
50
-52
-264
-145
-101
-84
55
-86
-114
129
-109
94
-91
-58
-79
176
165
-62
63
-57
-69
149
-209
-102
-307
-263
-85
-171
-55
-83
74
-462
-58
-91
-90
-300
121
-85
157
-50
-182
-287
-240
70
58
-248
-93
-216
-56
51
-117
69
53
-56
82
68
78
-81
-58
-52
127
57
-505
-242
152
125
98
89
68
94
-82
59
-201
-260
-81
93
-190
-140
77
-65
-132
-64
-61
-191
-96
70
169
-54
-256
-57
-358
-270
-191
169
-182
-51
60
-246
-87
86
98
-307
-53
59
-67
-299
120
62
-202
110
80
-258
-157
-149
68
76
82
-75
70
92
52
-127
-87
60
61
-107
-83
58
-66
-118
159
-75
-56
-57
-154
-185
-50
57
-58
-70
-177
-112
107
-94
59
-197
94
-84
-158
-225
-175
-76
-53
-54
88
-130
-325
-148
-51
-215
-51
91
-161
171
-149
-132
88
-57
-110
62
-111
-179
-309
65
72
-53
-171
-95
-57
-94
-96
-153
-139
116
50
-76
-52
140
91
-581
100
173
80
146
139
122
-133
-51
53
52
55
-258
62
-58
60
53
68
62
94
-250
136
-59
140
105
-270
-138
-219
-117
71
-139
104
-64
-69
-148
140
99
-81
-164
-66
-58
-129
-120
62
63
68
69
-66
-85
-56
-56
59
-293
-242
-58
-327
-60
-95
-181
-74
108
129
-111
-107
94
101
54
-124
-250
-254
-149
-124
-258
-74
-466
-242
-151
-238
-64
-435
135
-56
-241
192
87
-254
-237
63
-56
99
-243
-222
-163
51
-68
-148
-159
78
-82
-242
57
-60
79
-246
173
68
-232
-97
-54
-228
68
-381
-227
-53
-280
-99
50
-92
-138
-243
116
-243
154
51
104
113
68
69
-50
136
68
83
-50
-63
121
92
-96
-55
-177
-55
58
67
81
95
83
74
-144
-59
165
55
-259
61
-58
-97
146
85
-263
-87
-70
114
-86
-50
66
-64
64
-211
76
57
-169
62
-91
-54
74
-69
157
68
-105
-260
114
-249
-155
-61
130
-442
-384
-54
102
87
-164
92
52
70
-65
-183
69
157
-65
-56
-348
-149
168
-359
61
-182
-54
-114
-54
-212
-82
-51
-296
-150
-58
84
53
-281
68
118
-182
-172
-395
-247
85
-54
138
52
126
-69
63
-91
-52
145
-189
92
-255
-96
127
68
-63
83
143
79
-86
103
87
-76
-276
66
108
50
-101
-247
-94
-53
-88
-256
74
-106
-162
63
-140
-68
106
-189
95
-149
65
115
98
111
-335
57
-52
68
105
137
-243
155
-257
114
-91
81
-100
91
60
86
-70
69
-52
106
-113
72
78
-391
135
54
-76
103
71
59
-260
-210
58
-58
69
62
-122
79
-293
55
181
-246
-102
-64
77
-196
-113
66
-98
172
-241
-171
94
128
-153
63
-314
-51
-109
-120
150
52
59
53
67
-348
-117
-50
116
-146
-50
-101
168
83
112
-77
231
116
59
-98
51
-164
99
149
-103
-124
52
76
56
-211
-90
67
-181
-51
-188
148
74
74
-321
-92
130
-82
-166
-99
-71
-63
-150
-67
110
192
-156
-100
-61
88
-126
68
-127
103
-131
-74
140
-79
110
87
-60
66
-478
106
-184
109
-184
-173
-66
-275
-110
-212
-70
-103
-76
-60
-87
-91
-51
-265
57
-244
80
-141
-252
-241
64
-60
-223
-194
-62
64
-305
-104
52
-210
128
-56
-116
51
50
135
-55
-144
78
-255
76
-55
55
-54
130
52
83
53
-69
-175
-93
-125
80
-89
-163
56
-86
165
61
-81
90
52
-273
-250
-62
108
-108
-52
-244
161
236
-131
-238
90
86
53
-56
-294
-122
-247
-84
-62
63
190
-222
173
56
-146
-235
64
120
-322
-70
63
72
148
84
59
57
63
-131
51
-124
-101
-75
81
-56
-247
-82
110
94
-359
97
106
116
-108
-240
93
-252
-437
210
86
167
87
88
71
-159
-59
-76
-153
135
-168
-416
54
-220
-406
148
156
70
54
-58
108
54
82
-156
154
79
58
55
-62
178
57
-68
58
188
-57
55
89
52
-328
-245
55
-73
-80
140
101
-103
115
-319
60
105
-247
93
72
-52
80
-224
-72
57
59
-290
76
-343
65
-183
81
-311
78
-107
-98
-257
52
188
-58
-62
-253
111
52
-55
-81
-121
-66
54
-86
-255
134
51
120
-143
200
-76
199
-246
-102
-68
-70
-134
50
69
-118
-78
-53
-54
-62
-166
92
-240
-404
123
69
-232
-89
-254
84
54
-564
93
70
91
-107
-65
86
56
-266
183
-186
-68
-254
-147
-272
-184
-196
93
-89
-67
-162
78
-251
63
-161
58
-283
-177
-238
53
-59
-192
59
-93
174
-75
-86
168
-122
163
-336
-314
-169
-56
-52
-91
-91
142
-244
-298
-202
59
181
110
120
-225
-75
112
69
-427
-160
120
50
56
103
-349
154
-55
-188
-162
-53
85
91
-74
103
55
145
-51
-236
-414
-52
127
-53
158
-100
176
60
62
-118
134
-108
182
92
108
-124
-108
-108
162
-88
-140
-64
-54
56
127
218
-76
-82
-52
-91
-87
-67
-74
-56
88
-229
-62
-398
320
-211
-327
-52
57
59
-64
-163
-95
-411
62
-50
64
198
169
59
-80
-51
-212
-64
-254
-79
52
60
92
-78
-163
161
-256
-384
-337
-139
63
68
83
103
-78
88
53
54
-240
127
-79
-88
143
75
-110
-92
-58
-82
147
147
98
-269
-65
-180
-68
-110
-240
152
-56
74
-65
-51
-78
-91
-108
-51
144
56
-60
-242
-54
-107
-129
-266
79
-62
58
-129
-58
-68
-98
-58
94
-300
-317
-111
-226
-249
79
-86
-472
-252
-60
-51
98
54
-55
-292
-93
56
-228
-50
-53
-157
-73
119
57
52
77
-128
-54
95
88
-110
60
-140
103
-405
-299
62
-115
95
-63
-223
-52
-64
108
52
98
-158
56
101
-50
-52
-77
-251
-82
-50
57
-263
-98
-50
165
-240
55
71
-78
-72
-129
-63
-65
59
-56
99
-54
-387
99
67
63
88
83
-136
100
-51
-154
118
68
-57
57
-262
117
-111
-121
-62
72
87
82
55
56
-367
-89
-62
120
-180
-198
-159
65
-76
-211
116
68
-182
-251
-218
-61
66
56
-173
59
62
71
-57
-82
51
-242
-52
73
-287
-53
184
-403
56
-86
71
-112
113
145
-60
119
57
60
66
-73
-227
-71
-54
88
-63
95
114
110
81
-111
-90
62
77
-119
-225
-56
-244
54
-78
-50
-376
-84
-54
-234
-78
-62
-437
-243
-237
71
78
60
-62
69
109
-307
90
-75
94
68
-93
59
-112
66
-53
56
-183
115
68
-162
173
54
-97
-55
-51
-303
-307
-214
-54
159
96
-176
88
-169
132
85
-321
-101
79
-123
-75
90
-292
62
-54
159
-255
-249
-134
-158
-72
98
-258
-79
-58
135
-173
-281
72
-150
51
90
-90
-242
-84
56
-240
62
-136
-218
-54
-311
-153
-51
70
77
-173
62
64
-53
106
65
126
-60
-85
53
183
61
61
64
-53
57
-251
142
-104
-57
-127
-92
58
-50
133
147
90
95
-331
-61
-142
-137
-336
-269
52
-315
-629
-54
132
-250
77
72
63
92
63
112
69
82
-239
79
116
60
50
-328
-98
-315
60
-246
-134
-371
107
-342
-66
73
-67
-237
55
-93
129
-82
-301
56
-171
190
65
152
51
-167
175
-59
-87
-63
-184
60
129
-244
-243
-79
-101
96
-222
-253
72
-311
-161
61
137
58
61
67
-239
-71
91
-115
-245
108
-220
-52
-127
128
-59
133
68
-157
-54
-57
55
-193
69
-138
62
52
-70
109
-50
52
-224
56
95
-184
82
111
-134
-204
51
85
137
-53
108
103
54
-554
-57
-116
137
72
-177
105
56
-54
-54
-321
-131
58
-231
-66
-50
64
64
157
81
-197
-252
72
66
-273
77
-241
78
65
-249
-52
-189
-186
-53
62
56
-340
56
61
-321
189
-65
100
-239
-332
55
55
-243
58
-259
-95
-54
-234
-237
152
80
-221
-173
-168
93
-77
-82
-136
119
-376
122
-204
99
56
101
-341
-71
-250
-234
-50
-315
112
180
134
-328
-255
-229
68
-246
90
-91
-260
66
-193
-57
-383
-76
-60
-54
-259
-53
-250
185
58
-60
-50
52
-173
129
74
-190
62
-141
-67
112
-69
-223
-150
-331
-162
55
-56
-254
-251
-54
-61
107
-243
-60
86
-66
-58
-80
