-99
-95
-143
-251
-230
-59
-230
-84
-259
-76
-58
58
-53
-184
-51
-223
-121
-65
-59
-188
63
70
52
-56
-82
-81
-144
-505
-85
149
-165
-82
-74
-88
-51
-63
-160
-130
-154
-112
-673
-85
-235
-355
-252
-142
52
-94
-97
-137
95
-294
-360
-66
-82
-71
-107
-293
-350
-245
-110
-150
-124
-624
-190
90
-143
-128
-361
151
-82
-208
-65
-291
-67
-99
70
50
-54
-244
-74
-149
67
-79
-70
157
112
82
-99
-390
-60
-233
-50
104
-103
64
74
52
81
139
92
-64
76
135
-118
92
-102
-154
77
-89
-83
102
90
-294
104
-73
-52
-340
66
-60
-596
-50
74
-52
-137
-305
141
114
-64
-51
-254
117
60
-243
51
-218
163
65
-66
55
-372
-246
60
66
107
130
58
-82
62
111
-109
53
-59
90
-52
-79
76
-53
77
115
120
57
-65
-195
100
-61
91
55
170
59
123
72
-252
53
-406
-62
114
84
72
182
-248
55
146
-69
84
-191
149
-56
106
90
-55
-157
-95
-111
-241
-67
-89
68
74
56
-485
-245
-204
-244
58
-97
116
-230
-55
-52
87
-206
122
-81
116
-68
-61
62
77
-84
148
107
-260
-98
-57
102
135
-52
59
50
-661
50
-80
51
154
96
87
-307
-681
100
-80
-55
56
66
66
71
-332
68
204
-91
-159
-64
155
-558
56
85
159
72
102
75
-151
-51
-79
-117
51
-134
54
83
163
71
81
53
-110
82
169
111
-72
-239
-80
50
86
97
-74
-231
53
-70
-88
52
65
-54
50
-64
51
89
-114
-167
-442
-100
53
-84
-344
101
61
-202
-94
-52
90
-205
-79
-117
-303
-237
-275
-259
-348
-207
-198
-106
-317
-246
-205
60
-60
78
-63
-261
-50
-79
82
-250
-53
119
-220
64
159
-90
69
52
78
81
-79
-262
-87
61
-73
-88
-54
52
-281
-83
-78
-63
-279
144
107
-247
179
67
168
-50
195
-189
-182
112
-67
-258
-240
60
57
93
-380
168
99
-509
196
-259
-248
138
-129
101
-248
-181
128
-151
95
-117
-58
-246
-55
92
-147
63
-295
-92
93
121
-161
-88
80
64
-162
109
-76
78
-254
-50
101
-78
-297
-253
55
58
78
-161
-116
-91
70
-60
-136
-119
-54
-107
94
140
67
85
66
52
66
152
65
170
57
-83
69
62
54
-123
-379
154
57
125
-64
420
208
-256
110
133
-425
-127
85
-108
-61
76
-58
123
73
63
58
129
80
-248
56
-125
-171
97
153
-124
-246
82
114
108
75
-258
78
-64
-235
-50
105
101
99
55
75
72
-330
56
54
-86
87
-252
67
101
63
52
-57
60
101
-187
-271
-238
92
161
131
-248
63
135
-129
172
180
170
-244
61
132
118
154
106
-357
-149
-327
108
96
63
-69
-177
-263
-264
81
55
51
55
-256
-93
-183
-75
69
121
61
52
55
-272
-259
176
70
70
207
78
122
-210
75
-268
55
180
-51
58
-57
139
59
-300
-119
51
52
138
50
-104
-76
52
60
-375
-93
-93
-97
104
58
60
72
-250
-258
-56
123
70
-258
-87
70
-135
95
-287
-223
155
-106
-261
-101
123
173
54
-118
-74
-58
-126
51
-132
58
158
-85
75
136
-52
-94
-68
97
93
-75
-275
204
-621
-188
-50
-181
-60
-54
-53
64
-90
-347
122
132
-60
-103
177
-81
-62
80
72
85
-182
50
-113
50
-66
-55
-93
-143
-102
-260
-67
61
-103
-54
-108
-165
-50
-319
91
-122
-136
-308
-145
96
-115
-183
-304
84
-51
56
141
83
109
67
115
-50
-52
71
-191
61
-74
-64
-252
-259
-278
51
77
-142
-244
-262
-52
-105
-85
199
-248
-52
-231
-224
86
113
-63
-108
141
93
-209
-243
74
-120
79
60
-234
67
-59
-52
91
-52
143
71
56
98
-238
90
67
-125
112
91
-89
97
-155
-71
-68
76
-256
62
83
-97
-108
96
-386
-157
-69
50
-114
-79
126
-240
-70
-65
-107
53
69
58
-258
61
114
-78
60
-276
163
91
102
78
50
83
-78
-109
-381
121
59
-252
75
67
106
122
-285
-67
-194
56
62
-77
-175
53
78
-53
-81
-50
-61
-640
-132
51
172
50
134
81
-136
-362
151
62
-60
-314
66
-354
-164
97
54
-147
57
103
-256
60
-309
-51
-247
-64
-52
67
-243
-90
87
59
109
-53
87
-308
-107
133
-86
50
-122
60
155
-239
50
-50
99
-129
-200
-495
95
-61
-323
64
112
-72
-220
105
54
-86
67
54
58
-74
-259
-252
-269
69
116
77
-196
-58
73
-144
-51
-242
-248
-117
56
-254
-289
177
-64
-234
-635
85
150
82
-243
104
-96
57
-54
-111
-115
-251
118
-226
-50
54
-69
157
-116
-73
58
-50
112
-281
51
62
-71
53
86
-51
55
97
89
79
147
128
132
68
77
68
-261
138
-243
56
-94
-225
51
-93
-238
-147
123
172
60
88
-116
-186
-210
-308
-293
-218
-53
-53
-482
-136
-104
-52
-78
67
-178
-204
-236
-269
116
-275
167
-441
-115
-60
-447
-99
115
-54
-53
-50
-88
-219
-87
-153
172
-317
-119
-233
-138
-57
-71
-325
-320
-238
96
-152
-75
-115
-84
-66
-78
-60
-80
-97
-154
69
-233
57
-52
-89
-136
-53
121
-62
152
-57
-197
-54
-146
-62
138
62
62
-54
52
-236
62
-188
-54
-129
157
-194
-108
70
121
-123
-111
-229
-114
-334
-56
-52
-50
56
71
55
-86
123
186
-177
-217
97
-285
-164
57
65
-63
-52
173
52
155
90
168
135
113
-61
-660
58
-50
-91
81
112
81
59
64
142
68
-340
92
157
182
89
-181
-99
-297
80
58
-59
-56
-62
87
112
58
65
79
103
-338
151
-93
-57
-104
-56
-59
64
-95
-324
-56
-50
-260
-240
77
50
-235
-319
127
-64
119
-243
-180
-85
122
52
79
-185
-86
121
-88
67
-555
51
51
-246
-82
73
60
-317
54
-341
70
148
60
-84
161
103
-182
-115
-94
-82
88
81
51
-257
102
83
-321
73
-132
-490
80
-66
104
-50
52
51
-175
148
68
-242
-78
-96
-57
148
85
-60
60
140
54
-240
-54
109
-51
-59
91
57
54
-242
-235
-255
75
166
-244
-416
-69
66
59
-60
-53
-143
134
-171
61
131
98
99
-257
-74
99
123
60
154
-230
88
-50
110
56
53
-584
-258
53
-319
-245
95
-53
100
-56
-170
50
-227
90
162
91
-304
50
-151
109
-207
-239
-263
119
-178
102
146
-368
-331
59
149
-267
66
-171
53
95
113
-151
-162
108
133
96
51
-198
-102
-54
104
100
-117
-75
109
-199
59
-50
73
97
-114
-209
55
-222
55
70
-55
-488
51
71
54
-52
139
90
-245
127
83
120
-268
-496
-285
51
-102
-58
58
96
140
92
81
-83
-58
170
142
-262
121
66
-55
-158
-60
-240
-167
-146
73
-115
-126
54
73
59
-266
-327
-140
193
-55
144
-249
-243
-127
119
111
52
-261
-163
-245
101
-56
-186
-158
-260
79
-245
54
-115
78
-73
-62
103
194
63
122
-53
78
87
108
-57
-221
105
77
173
-138
-63
-261
-116
62
89
119
126
68
-275
-124
82
78
76
114
61
-73
-50
70
55
-254
145
77
94
-143
54
109
-71
-198
-60
167
-50
140
102
-116
81
69
-52
-115
52
-149
52
-73
-55
62
208
-54
-244
133
-68
51
84
-271
-268
-292
60
125
-100
-63
-67
-494
-119
-97
113
140
74
-61
-243
-82
-54
-152
-243
-55
60
-85
-187
-391
-226
54
-122
-315
-108
71
-433
-238
-81
-185
-146
-197
-69
-202
70
-223
-88
104
-132
-55
76
-110
94
-69
81
-54
55
-55
81
-54
235
73
66
-96
-183
188
-72
-241
-323
74
112
-507
57
105
-68
89
50
-294
-50
-262
-61
-52
-347
-342
-373
64
-120
50
-487
114
-600
-436
121
-122
-105
-72
80
118
-274
-89
-193
81
-54
-186
85
-238
-218
-54
-101
-282
-110
57
-69
-69
-88
85
94
53
57
-233
-69
-52
-87
94
89
-254
-52
-102
102
50
-86
71
121
62
-313
114
89
94
-265
-138
-210
186
-256
-72
-146
-65
-80
103
-95
-445
-59
-78
-361
-126
93
-105
-321
52
-50
-165
78
-52
-259
193
58
-242
-90
-338
91
175
-87
111
89
64
-480
62
-168
-162
93
96
117
-282
112
119
106
81
108
115
116
52
-63
188
-88
104
-50
68
-326
-50
-53
-111
50
62
-58
-64
58
53
162
86
54
-77
57
-54
58
-107
75
-52
-58
94
-247
-65
142
89
53
70
-208
55
-171
-72
-280
77
-111
97
-259
52
-114
-224
74
-51
-247
53
-246
64
-413
-549
50
102
-189
-257
98
-72
-52
-78
-138
121
-235
168
177
-81
-392
-68
146
-484
-321
83
-76
-164
56
-73
-315
61
94
163
68
52
103
95
93
-130
-108
76
-57
-98
-237
-51
-153
-77
90
-61
-137
-147
96
-110
78
-64
-364
67
-323
90
-136
-119
56
-76
-237
-60
-114
-287
-188
-187
128
-89
133
-78
-68
-191
-63
-70
-198
-99
-84
-57
-53
-105
-58
-67
-236
-845
-109
-251
-54
-150
-212
79
-96
-119
-142
-70
-381
-570
-197
-79
-169
-247
-322
-141
-69
-146
-217
-98
-72
-64
80
-161
-95
114
-120
-440
-100
77
76
80
72
-114
-54
77
-71
59
-84
-143
-138
62
-332
-71
-113
-67
-176
-62
-204
-99
-401
140
-73
-118
57
58
92
-58
-58
-396
-103
-52
104
-52
65
56
65
184
84
-60
-74
-66
106
-87
-133
194
-239
85
95
-308
-257
56
-201
-56
-64
-191
88
-310
80
-206
135
-72
-51
-236
88
64
177
-123
111
91
64
52
-525
184
54
156
90
-76
-53
70
52
70
-54
-197
-243
65
60
-59
-60
68
-248
63
-123
81
-112
-103
107
68
-119
-246
55
82
-195
89
-133
91
-63
77
-60
139
92
52
-73
54
-140
82
79
54
98
-203
-186
82
-232
-135
95
162
50
60
-75
-68
58
66
-116
61
58
67
-401
-291
-50
64
-123
-57
-249
-56
-103
-214
-241
-67
-250
-222
-54
-374
-164
71
162
107
88
-97
72
-253
139
56
61
-239
62
-317
-51
-256
-56
-66
96
124
56
119
-83
-142
52
82
58
120
-52
140
70
76
-246
-132
-500
-144
84
59
-242
-203
-238
60
-51
79
120
-52
-176
-65
-153
-213
-250
358
72
137
-185
101
-56
-391
103
-51
126
82
118
-243
-104
125
-51
-75
-228
-317
-244
-120
-65
-57
61
-65
-119
-68
56
110
56
60
-82
-239
60
-289
-127
-169
55
133
62
55
-115
-66
84
-237
-62
84
92
-71
-626
-216
-97
-58
-84
52
51
-89
-50
-192
121
-55
-106
-109
-100
-87
109
-72
116
-60
54
-202
62
75
-77
55
-52
59
52
-68
54
-162
-129
89
94
-147
-58
-166
150
54
102
68
70
-82
-361
88
-160
59
73
-81
-80
67
-109
59
-192
-386
-53
-55
-185
145
88
58
112
-382
-217
-452
-55
-114
-312
54
-130
78
-349
86
-314
-66
-330
79
64
-245
-58
95
-56
-124
73
-335
-50
-113
-252
-188
-142
-205
109
116
-89
55
-262
-124
91
149
-298
-75
93
-83
105
144
51
51
88
59
-54
55
-116
56
-81
68
105
55
-275
51
-52
-184
123
183
70
160
-242
52
-56
-93
-169
68
100
-126
125
-245
-230
172
51
83
65
-66
52
-64
64
-89
-79
120
94
-256
75
-127
-64
-66
-51
-246
157
76
63
50
-241
-240
83
-64
-78
72
-310
-134
87
123
-81
-173
-117
-84
-158
-101
68
98
92
124
-53
116
-122
53
-248
68
-77
70
76
-141
130
65
-321
-69
-225
125
-249
52
68
-245
-156
-117
-108
51
63
85
60
130
-247
-86
-288
-257
82
70
61
-127
-59
-96
-368
52
68
-78
-371
-74
59
-296
-293
-82
80
54
123
-52
62
-314
-312
55
93
69
-50
-299
-248
-246
94
-247
-524
60
-179
-129
-257
53
-51
-50
-129
-165
-95
97
68
92
-53
-259
-224
-110
-273
-171
88
92
55
61
50
-166
-208
-115
-58
55
-51
-189
-99
-157
103
76
-265
-240
81
176
-55
-67
175
-57
-71
143
63
-50
-56
71
-52
-121
-536
51
140
-57
113
-239
76
105
59
60
90
50
84
-206
-296
52
-137
107
-241
-78
51
-179
-248
-65
-119
-114
-170
-249
72
-245
-168
101
120
-277
68
64
-92
53
-256
53
60
-84
97
-242
51
149
-119
98
-75
-73
58
87
-91
113
-62
109
-76
-242
-144
89
-84
-51
-531
-58
56
-50
-349
-183
-58
98
-113
80
-112
-78
86
99
71
-52
119
-252
97
-84
113
139
-152
104
-126
63
-52
-59
52
52
131
-77
-292
-57
75
78
-131
-50
-246
162
70
-363
-206
-61
66
-93
-355
-243
73
-257
-244
191
-52
53
-53
50
109
-206
-58
-79
59
-60
-747
-405
180
75
-67
100
-94
76
75
80
53
-243
-71
-116
-315
-112
53
-258
149
-258
55
-73
74
-64
106
103
81
-148
-252
54
89
51
-68
-170
-78
-241
-54
52
-51
85
95
-57
52
112
-174
-52
-57
-88
58
69
-91
70
-89
188
62
91
119
117
-164
-394
59
-382
55
-178
104
-64
-136
98
-236
86
87
-180
-62
196
-53
-85
-244
-468
85
96
62
-82
81
52
63
-218
-88
-59
82
100
60
-77
-62
88
-62
97
-104
114
-242
-50
-387
72
114
58
-133
81
80
-311
54
74
56
-117
-51
-55
-62
-173
-84
-573
63
-66
137
-62
-67
-123
90
58
73
-63
-88
-120
-59
-264
-324
-94
-242
72
60
-282
-75
-342
-75
106
-90
63
209
-166
-230
-204
-350
-534
-376
-105
-69
-156
-408
-221
-136
-56
-75
-319
-64
59
75
79
74
62
-313
-58
-102
109
-156
-92
-314
-81
-55
140
-294
140
74
76
-325
53
169
-245
-66
59
-55
69
-108
-251
113
-289
-64
-88
-289
-85
63
145
-57
108
-242
130
-245
77
61
144
79
-81
-64
-205
-60
62
183
81
59
-84
58
-119
-156
110
159
73
54
-345
-55
75
-236
-197
90
-51
148
115
99
-116
-244
-449
-171
84
-62
118
61
-80
68
-316
79
112
-85
-243
173
-386
204
91
166
57
57
144
-246
61
109
-241
84
80
-73
59
-73
146
135
-83
97
-56
-51
-71
-50
183
50
-232
-81
90
-58
113
-72
64
158
-54
-132
-322
-132
56
67
170
92
82
85
160
67
-257
95
-123
112
-86
84
-59
-244
-50
-141
-245
-143
130
-54
54
-84
-262
55
101
-255
-56
-247
-158
-68
-94
103
-203
100
-101
-51
-50
-118
56
110
80
68
61
-137
-63
51
62
-249
-155
-121
-99
62
-54
54
123
-51
61
-83
-55
66
202
-492
166
-114
161
83
-214
170
-135
190
-58
113
73
176
112
-63
-311
72
168
115
-201
-69
81
111
-396
163
191
114
-171
58
-99
-61
74
-247
108
62
52
64
-248
50
-90
-79
91
-273
104
-116
88
-59
182
-145
-465
-116
-286
-217
74
-50
198
-65
-99
56
-95
230
51
-248
-293
-122
-138
-375
-516
-55
171
-90
104
-241
85
-145
-59
-387
54
-279
-164
-208
-106
-51
-121
213
59
-354
-472
-578
-143
129
-75
-68
-233
-143
69
94
-54
94
62
-120
133
199
-73
-66
-197
-59
-101
-58
-227
-55
-82
-115
66
53
165
76
-83
53
-232
-149
-104
-78
-67
-311
83
-52
-52
57
61
148
-110
-97
86
-124
-55
120
57
126
-131
-68
120
109
192
-256
179
-51
-218
171
66
71
-257
-175
55
-101
-51
-149
-244
90
60
-458
78
78
121
122
-56
-301
53
90
102
118
52
52
-668
117
-152
-349
50
133
50
186
97
174
-313
114
87
58
-118
72
-99
-61
-66
97
-257
106
-269
72
84
-194
114
-105
-187
-244
60
-60
-295
187
68
159
-92
126
-145
59
-53
80
-54
-86
-50
51
-64
-66
-68
-64
143
84
67
69
-55
-54
-70
153
-119
88
-116
-242
-200
-163
-50
-240
50
58
145
-320
173
96
186
116
70
98
57
160
-198
208
-81
-254
58
53
-143
74
134
-249
59
-259
75
80
-119
60
58
63
-193
152
-146
107
-66
-57
72
-104
-205
-307
54
187
-144
-54
-55
137
-179
-119
90
67
-85
-85
-203
-98
-266
77
-99
-117
108
50
72
91
132
71
-69
61
52
111
78
-51
154
-110
-100
73
-137
-65
61
-81
-508
-54
-53
-194
53
-57
-74
58
50
-81
156
-132
65
-98
-50
-52
107
-111
-105
-101
-182
-231
-135
-51
-391
54
-185
-66
-120
-50
-76
93
56
-231
-206
74
-306
84
-121
-88
-54
-66
-95
-66
-72
117
-396
-218
52
180
180
-160
-54
-194
85
75
-118
-54
-66
-81
-208
-52
-52
97
-86
-271
-93
-63
-324
-125
-76
-136
114
-260
-117
-131
-178
-69
-53
-55
-55
-155
88
50
-62
-508
-94
-107
-193
64
-139
-89
-54
120
-65
-366
-238
52
136
-87
-203
-244
-99
-80
-226
94
50
-56
-131
-91
-295
101
-62
184
-134
147
-102
-89
61
-100
87
77
-195
71
65
72
-68
67
-58
-119
86
-154
145
-73
-126
51
56
83
-85
-91
125
-575
-64
-50
59
-266
119
74
149
59
79
-64
-63
-76
65
-504
158
-272
-92
-527
-227
-107
-318
127
124
193
86
54
146
-230
56
53
-179
-82
-152
78
99
156
-265
52
126
57
-552
53
-102
-263
-104
97
-72
138
-263
-50
-245
82
76
63
53
64
-54
103
142
61
77
-264
-308
74
-246
109
-69
77
-54
-51
-243
-80
80
-639
94
-98
118
70
174
51
-51
-68
-217
61
147
176
62
72
117
55
-51
-617
91
51
109
154
-166
111
86
-55
122
-176
151
-172
52
-52
-280
50
-103
-90
70
-93
-58
-120
-50
63
113
-171
67
-104
85
147
99
-50
-262
64
-64
-78
50
-81
80
204
-56
127
94
-139
-100
-246
81
55
-69
50
69
144
-57
112
-140
151
-131
-397
-92
-56
-251
107
62
-50
57
55
73
-93
-253
-54
-96
-245
68
-452
-51
120
-163
-234
-107
-103
133
85
112
164
145
-131
-282
106
111
-176
109
108
84
-95
97
-276
107
126
82
117
-105
57
-225
109
75
56
-235
60
-50
105
-270
165
51
53
-302
-122
-60
-280
-81
64
110
-68
68
-283
-90
98
-79
-160
-157
-413
-193
-97
52
-65
150
-434
-130
-361
113
-136
143
-64
109
-128
-64
-50
-840
-138
66
-83
-199
-59
-125
-58
-76
-396
-425
-238
-62
50
-62
-288
-71
154
100
-101
-142
-58
52
159
-333
-217
-314
58
-101
125
72
82
-89
-52
127
-69
-54
118
-79
88
72
-90
-72
-58
128
94
-257
-247
-226
-106
79
61
-194
-80
112
-58
-246
63
85
176
169
-288
-114
67
67
-64
84
-82
-133
142
60
-56
-90
71
-241
-102
-85
61
-108
56
66
66
132
106
-52
57
-341
-99
-241
86
-241
56
69
57
94
-244
159
66
57
85
-56
169
52
-103
-367
72
-203
57
79
65
122
62
-186
-174
73
-271
-240
156
62
168
58
-530
86
52
-57
-54
173
-110
-78
77
-171
57
56
-70
82
-284
-105
94
-55
77
-114
-56
-136
-72
-61
58
137
-120
76
-53
79
-55
56
-252
90
87
-95
109
-59
90
84
-89
-79
-182
114
-60
143
61
-84
-248
182
80
72
63
128
133
51
-52
135
-307
59
84
-76
-233
-68
89
60
148
57
107
-66
111
118
66
99
107
87
94
-51
161
-288
-256
75
142
-292
52
69
80
97
-56
161
125
119
-54
131
84
-54
-74
-57
-239
113
-66
133
76
153
-122
-76
-248
99
-75
92
108
68
-79
51
-50
123
-62
85
-179
-57
51
-63
-180
-141
53
-270
66
51
-252
-248
-82
62
73
60
-81
61
182
141
82
-184
-63
192
53
66
-309
-370
119
185
-246
94
166
-266
-131
56
54
55
-89
-50
-112
81
77
-80
72
68
-377
50
76
146
-143
107
165
54
-164
-253
62
63
-138
-231
-264
92
120
-50
53
105
128
-71
212
71
-72
67
80
-74
82
53
-101
201
107
103
-52
-243
55
80
-271
-183
108
-101
-66
84
-70
91
-76
101
-102
-278
-72
54
-60
-93
-60
-65
-102
-68
-56
143
-101
-164
95
-55
65
-192
-160
-59
109
103
-74
-204
-169
-352
-51
-258
-55
-153
-134
187
75
-91
117
-372
-58
-248
-88
59
51
61
-53
-248
-80
-114
-64
-99
-117
-67
-128
-117
-56
55
-50
57
-253
109
-132
-402
-68
-230
-149
-91
118
121
187
67
71
-227
72
70
-90
75
-227
61
122
61
52
101
-272
61
-57
51
-244
-238
181
77
-261
96
66
68
103
94
196
-247
123
51
-220
95
56
-50
-492
-56
65
107
169
-272
121
-156
127
182
96
55
-490
67
58
-54
-54
60
75
123
-224
-245
-245
-243
-178
76
-51
-271
-107
67
117
-58
-180
-73
118
194
-81
55
152
56
-354
63
-117
-194
80
51
63
-56
-289
-182
-80
-68
-105
-245
-349
64
69
50
-53
153
66
-64
-54
50
89
-243
167
67
-64
-304
153
61
-243
139
-67
131
105
81
139
110
183
59
-118
94
-257
-126
63
-147
-117
65
86
-246
-117
58
-223
-56
133
62
86
-80
-264
-60
-280
78
-255
-50
-208
-206
75
93
60
-239
106
134
138
73
98
-54
-333
-302
-245
-56
114
-64
74
-51
-78
-51
77
-352
70
78
58
100
-63
145
-333
-262
63
-81
50
-224
-311
67
-72
-53
-54
-63
86
147
55
-253
-255
83
-249
-51
55
-112
-88
-104
-75
52
70
-51
-98
159
106
-291
97
-307
-113
-243
148
115
-142
-162
147
-54
100
60
169
77
61
188
-340
108
51
-96
-136
139
-192
69
-60
-180
93
55
-62
73
-82
56
81
-111
-244
60
-244
-76
-66
72
57
109
164
72
71
-121
-51
-53
107
-364
84
86
-75
-53
60
95
56
-142
-66
-71
-60
-55
-79
-179
-254
-122
-106
-200
111
88
-58
190
67
130
-130
-787
-64
107
80
-63
-54
-208
80
-53
220
145
-51
122
-58
-118
54
-84
-631
-370
-148
-170
-152
-93
-79
-340
-75
159
-98
-246
217
94
52
-327
-104
-160
70
-132
69
129
97
-325
-333
-74
-200
-363
101
-131
60
-54
51
64
134
-299
-102
-57
99
-243
-319
150
-100
-79
145
139
86
64
73
-141
98
-102
-256
81
93
-337
-99
92
-70
-261
-120
-54
-52
115
-170
-82
146
-259
62
79
76
-88
-53
-101
-270
-100
83
-106
52
-242
65
69
-257
-68
143
-304
159
74
81
58
54
96
-121
113
-204
-255
95
-133
-281
-244
-249
-223
-123
191
188
-166
54
-54
98
-267
-167
85
61
55
-50
-195
-256
-50
-54
92
84
85
-222
-174
130
51
-132
-163
124
-59
59
-458
53
56
-247
216
108
-51
-141
-118
94
-53
-218
-536
169
119
62
-168
-244
-54
78
-243
98
-55
88
54
83
56
-323
63
-129
113
86
116
116
67
-200
61
63
-88
-59
-357
84
69
68
74
-123
-262
-264
-239
-88
62
88
71
-304
-97
65
51
-107
93
-337
154
-134
-246
63
-96
66
-129
69
94
-260
-241
-78
78
139
69
-242
-57
-72
152
-138
59
86
63
-95
112
51
85
-51
124
121
-164
-60
-62
-58
192
-319
66
103
-197
-62
55
-507
63
-122
56
70
-143
154
-318
56
-578
-331
-183
72
123
123
163
50
-117
-66
-80
50
-70
-90
66
58
-230
-680
84
-106
74
-90
159
-109
-51
64
120
98
97
-153
87
64
53
-54
53
-153
-54
108
-52
119
-61
-155
-246
-239
103
52
146
67
51
153
76
-367
-68
148
-55
-86
61
-319
57
-83
77
62
-100
-137
-263
67
-58
94
-54
-102
-286
-78
-50
-61
-241
51
56
-56
56
-54
129
-88
-103
58
-266
56
122
92
67
88
-101
-247
53
-241
-323
-246
70
77
134
197
167
67
55
61
60
114
-58
96
-54
-88
50
-104
108
-53
-110
-92
-50
-260
79
-50
154
72
64
85
98
63
74
87
142
59
53
-59
-106
77
50
-50
61
-145
-243
185
103
-64
97
-176
136
-136
-135
101
-84
51
-359
-307
118
160
50
56
94
109
-165
85
-137
-50
-101
-221
77
59
-261
86
-122
-246
-64
84
72
124
55
164
-211
135
69
-183
-205
-220
109
-50
92
59
-229
84
65
92
98
-75
69
103
-160
-256
-243
-521
55
75
-236
58
-83
-53
-181
-161
78
-271
-70
54
-145
-55
94
-62
105
-57
198
97
-239
68
90
-185
93
75
-193
85
-377
142
53
-206
161
56
-50
-54
-56
-348
-238
-72
-147
-52
-86
58
-206
-134
-144
73
51
55
-161
113
-96
-142
-355
-237
56
-342
78
144
-217
-50
-111
-106
78
-73
126
-55
-195
76
-68
67
-243
-296
172
-73
-92
-82
-199
93
54
67
-72
80
-262
117
89
-97
-141
110
86
76
93
-50
52
-79
75
58
-68
-63
-312
123
-61
84
68
61
87
-53
118
176
-75
-152
-194
-118
-244
89
67
-418
-52
-244
146
-321
55
-61
92
-184
78
50
91
95
97
-182
-260
-72
-257
-55
-77
75
61
126
-191
-51
154
61
-280
95
100
112
50
109
142
-113
-62
71
52
74
-52
65
62
143
73
-268
-53
87
81
-296
-118
-249
-94
-84
61
-246
131
-238
119
80
125
-102
-288
69
114
106
-111
-57
70
-74
-283
-80
-75
115
110
106
137
-69
-242
86
54
-251
-111
127
-60
-242
-278
-239
57
-52
50
-174
-250
55
78
67
53
53
-51
122
117
199
-160
70
93
120
-54
-55
-394
-64
-255
144
114
61
55
-66
84
-157
-105
96
114
50
-256
166
97
-308
58
-257
-169
74
-104
69
-106
137
-244
-226
-51
83
130
70
81
95
93
85
106
55
68
54
-94
-84
-297
-140
-189
98
161
57
50
89
-145
75
79
137
53
51
-57
80
51
-245
-218
96
-104
-50
54
-90
-103
-86
-106
-50
-68
64
93
-195
150
115
-168
-258
-112
-240
-56
-54
-347
51
-172
115
83
-253
-593
-283
54
70
-91
58
80
-134
-169
-115
-207
61
94
-84
-54
54
-155
-52
58
-431
-326
58
73
-50
-315
86
66
-204
96
118
-217
-69
-68
-135
-70
-148
-52
-68
102
-321
-109
116
-240
141
54
-504
59
-163
-267
69
-115
-56
95
-65
52
-104
-242
-448
118
-195
96
72
141
147
-80
-196
-297
-62
50
-86
-478
-81
-68
113
-306
95
-57
-152
-277
60
-433
55
56
99
-51
110
-68
124
82
70
140
-56
52
134
-93
159
-283
99
-451
102
78
75
-389
80
-247
-244
-51
71
125
-246
89
90
66
-295
87
65
167
-54
-71
50
-55
89
85
52
-96
-65
56
-69
-80
-143
-140
93
-132
65
102
68
91
175
-61
-178
-72
-73
188
58
53
88
-243
83
-187
-86
89
-265
78
85
-292
64
90
-72
67
106
-59
-375
-82
-241
56
53
-247
88
116
83
-90
98
67
-246
58
50
147
57
82
-55
-59
51
-54
145
51
99
62
52
56
-59
-204
51
112
69
-318
-250
84
-220
74
78
-173
-81
-68
162
-62
-52
59
-122
129
-302
-192
-56
190
-89
106
-136
151
-54
58
61
88
54
-255
-65
88
63
-78
71
-449
-56
-56
-62
-392
51
-141
-195
96
-135
110
51
-111
-100
-76
-241
-76
-53
-71
-56
-57
-156
-85
-68
55
-75
88
-153
90
-53
-196
-234
-675
-100
108
-151
-62
-253
-286
-84
-71
-510
-124
-78
-188
81
-134
-227
142
108
-57
69
-60
116
72
-68
-141
-55
-88
138
-66
-117
-53
111
-55
-50
121
-110
92
97
-62
83
-57
53
65
56
63
-57
-81
181
-173
67
-114
-185
-135
138
-118
193
-109
177
-70
-100
-225
-242
-242
-134
93
74
113
-149
-208
129
168
-50
85
-323
-52
-246
52
125
158
-68
-216
91
146
-78
-140
58
-532
117
50
-51
-50
-65
72
-256
53
-211
-253
-68
-82
-136
51
92
-54
-294
52
-250
69
-171
87
50
-102
69
-266
62
153
-147
63
73
-54
-143
78
79
85
62
59
105
-167
-244
81
180
-50
-179
-280
-274
77
-67
92
-121
186
66
52
84
-271
-257
74
-200
123
-56
-88
69
-66
-59
54
-251
60
87
-141
-145
-59
-664
-654
-95
190
-157
-52
68
67
-70
129
-243
-70
-245
-101
-247
93
-290
113
-691
-422
109
-93
-76
80
153
-201
-61
-256
63
84
-252
63
129
180
151
-100
73
-51
-193
148
-86
-182
-147
109
-120
57
83
-223
-50
-52
83
98
67
65
-92
73
203
-104
-131
65
53
68
-61
52
-295
86
56
122
99
70
-324
70
-188
-54
124
57
-65
61
67
63
76
75
66
172
-282
126
72
-116
59
172
-51
-169
151
308
-163
-80
53
-77
-306
65
-364
75
-388
-182
-286
-264
-172
70
55
-86
-50
-114
129
94
-91
-58
-246
-86
64
91
-78
-91
-59
74
53
-69
-408
-63
-216
-60
-91
-380
-90
121
-510
-50
-103
-253
-54
157
-182
-149
-146
-59
-287
-240
70
58
-54
-248
188
51
53
-61
78
92
154
-52
127
-797
-201
51
-314
-59
-153
56
124
-65
-242
152
-684
78
89
189
68
51
92
-81
77
-69
-50
82
-61
70
169
-54
-255
60
-246
86
98
72
-199
-299
-52
-58
120
62
110
-79
80
-248
-258
-157
68
76
68
82
-393
-169
73
92
52
60
61
-378
-300
58
-66
-251
-118
159
-61
68
-400
-185
-177
120
62
94
-225
64
-53
74
-60
-220
-325
150
66
-531
-179
94
-309
66
-141
-164
-94
116
-52
140
-64
-244
-52
91
-57
98
-62
-243
80
146
139
-133
-75
52
-107
65
62
53
68
62
94
-250
136
100
-85
71
-139
104
-151
140
99
-81
-109
-71
-75
-120
63
68
69
-177
-56
59
-81
-293
-242
-54
-95
108
129
88
-241
-107
60
94
54
-126
60
-244
-238
135
145
111
60
88
-163
83
99
-243
142
51
-54
102
-247
-148
-75
67
-105
78
68
-101
-54
-161
-228
-53
50
83
-138
135
-248
-243
57
-90
67
69
136
68
92
-360
-257
-338
-55
112
67
95
74
108
55
-394
131
-55
-99
-86
61
-97
85
-55
114
-55
-87
136
-86
84
59
61
-153
-64
64
76
57
-169
74
-263
157
68
-105
-250
114
-67
-149
130
-117
-53
-62
102
87
-69
52
-182
180
-186
69
157
-68
-56
-348
-207
51
168
-182
-84
-56
-51
84
68
118
-182
230
-234
85
52
126
-61
-87
63
-53
-52
145
-189
92
106
-96
-55
-309
143
79
-84
-56
103
66
50
-247
-94
-250
-50
63
-127
106
75
-139
106
-145
95
-149
65
115
98
111
-160
57
-53
68
-146
105
-248
-316
137
-243
155
114
-443
-267
80
-222
-303
91
-62
60
-178
86
-129
-98
72
78
-391
-526
103
71
-81
59
94
58
-58
69
62
79
55
-63
-195
-102
78
-51
70
-50
94
128
-228
63
-51
-54
-51
150
52
59
-58
66
-50
113
81
-79
168
-311
112
-85
-63
-110
51
99
52
67
-70
-181
-51
74
-92
130
186
110
-156
-174
-71
55
-126
-89
76
140
-144
-57
-82
-118
-91
59
52
-275
-76
-53
-251
-265
51
57
-457
109
168
80
-141
-216
130
-56
64
-60
-223
-194
64
-326
128
-599
73
50
135
-102
-638
-99
78
-136
-63
52
-56
52
83
-257
-134
-125
63
-159
56
-58
-75
165
-111
61
52
-273
-250
123
108
161
-157
-238
90
75
53
-84
63
64
56
-146
-54
64
-322
117
-90
63
72
148
137
59
60
57
63
51
60
-75
-64
81
-56
-161
-82
110
94
97
106
-128
-387
-63
-85
52
86
86
88
51
71
-159
-59
-239
78
135
-275
-416
54
-406
-252
56
156
70
54
108
-62
54
82
154
79
-122
-77
57
58
-96
-57
55
-245
-307
-245
55
-79
-248
101
-103
115
-249
60
129
-218
57
-142
76
-60
-183
81
-100
78
-107
-96
188
-60
67
-121
134
51
122
-109
199
-246
61
-102
-55
-321
112
-242
-64
50
69
-54
92
58
71
-52
-254
84
54
-564
-107
-64
183
-182
-253
-68
93
-67
-162
78
63
-736
120
78
-283
-69
-84
-192
59
174
-75
-210
-86
-122
163
-98
176
107
-58
142
-244
-224
-202
-62
107
181
110
120
-182
80
56
112
120
-109
-457
-131
-120
-52
56
-108
-180
-251
-50
-349
-59
93
-218
-188
-68
85
83
77
-275
-252
91
-74
117
108
55
68
-54
58
127
-53
91
176
-56
-253
-51
-108
-88
-80
-60
-141
127
88
-50
108
129
-190
69
111
-65
-398
128
189
-50
78
-52
-64
54
-99
101
-91
-104
62
64
59
-66
-86
-65
-85
-238
-196
68
59
-87
-254
52
-261
161
76
-384
-59
63
-102
-76
68
83
-78
-54
53
-54
54
-73
127
-88
143
75
-102
147
98
-269
-224
-65
-89
-180
122
-257
192
193
74
-241
-257
144
-237
56
50
-107
-129
-222
-70
-317
-52
56
-105
-472
-84
62
98
58
-130
-53
-73
119
90
57
52
77
95
-95
-110
-118
103
-405
-57
62
-115
-222
56
-223
-54
-64
128
98
101
-50
194
-72
51
-223
57
-257
130
55
71
-82
-78
-70
59
-80
77
104
-87
-95
67
83
-136
100
-51
118
68
-79
-245
-88
-84
-74
87
82
56
-86
-225
120
-93
-52
-59
-57
65
116
68
-251
81
66
56
-173
71
179
130
51
115
-52
73
-100
51
50
-58
71
-242
146
67
119
50
-54
88
124
95
-67
110
52
-111
62
-119
-124
54
-53
-197
-240
-376
-84
-340
-437
71
-58
78
69
-50
109
-68
-307
90
-71
94
59
66
-53
56
-183
115
68
173
54
-123
53
-307
159
88
85
-58
79
-331
85
159
-160
-302
-130
98
-106
-358
135
-66
-65
72
51
90
-76
-242
-225
62
-350
-136
-314
-86
-391
-133
-98
-51
-92
70
52
88
77
-165
112
-301
64
158
106
65
-105
75
-85
53
-61
60
165
57
112
142
171
-127
-92
58
-340
133
95
-189
-331
-285
-142
-168
-315
67
-199
132
77
72
-236
-128
65
112
69
82
-239
79
50
52
53
-315
60
-100
-93
107
-246
-66
73
-61
-67
-125
-59
55
129
56
-171
152
-187
51
-63
50
80
-184
60
204
129
-244
-79
-61
126
-311
-133
-74
61
-318
137
-256
58
61
-265
-71
91
-149
-116
-245
-137
133
-52
-96
133
-246
-157
52
-102
95
69
-244
-258
109
-171
95
-67
-246
82
111
-106
-112
51
-63
85
137
108
103
54
199
137
72
105
-242
-54
58
-279
58
-325
64
-83
64
157
105
51
72
75
-258
-179
-265
77
78
-55
-71
-53
99
-340
56
155
-321
189
-273
100
55
-259
-53
-55
-234
-237
152
-114
-258
80
84
-221
-58
-173
-168
65
-82
-136
-67
119
-340
99
56
101
-120
-71
-259
57
-50
-131
124
-327
50
-58
68
-68
-60
-91
66
93
-54
-53
185
58
-50
-56
-240
74
73
-77
112
193
157
-188
-80
-56
-63
-223
-150
125
-183
67
63
-80
