-99
-150
-663
-299
-95
-55
-55
-52
-78
-251
-230
-59
-144
-83
-230
-84
-63
323
-65
-60
-259
-76
86
-356
-427
-51
-87
-184
-75
-223
-65
330
-188
-56
-52
70
-199
63
-156
-52
52
-56
-108
-82
-81
-144
-505
-85
-59
149
-544
-165
-79
-201
-82
-51
-155
-88
-63
-130
-90
-154
-157
-109
-673
-85
-235
-110
-238
-66
-85
-91
-252
-142
-405
52
-94
-97
-233
-137
95
-294
133
86
-190
-360
-66
-82
-99
-71
-107
-293
-59
-124
-301
-624
-190
-130
-278
-70
-143
-64
-96
-58
-361
-152
-82
-53
-208
-133
-208
-217
-114
-295
-113
70
50
-290
142
-244
-74
-131
-103
-79
-70
140
157
82
-120
-123
60
-241
-98
-99
52
-147
-390
-323
-190
-55
-102
62
-243
-109
60
-54
-60
-233
-50
76
-105
104
-103
-50
64
74
52
-250
81
139
92
-64
-53
-63
-57
266
76
135
57
-251
-272
-53
-330
58
-118
92
-277
-102
-154
77
-91
-89
-60
-98
-137
-105
62
-62
-83
102
-51
-109
90
64
-294
-235
-97
104
-252
-73
-249
-377
-264
-52
-253
80
-51
-160
-66
-340
-51
-126
66
-60
-63
-182
-280
-187
-50
74
-52
-250
-137
-53
-305
-54
-279
141
114
-60
180
-245
-203
-64
-51
-70
-197
-254
117
-65
111
-287
60
-243
-250
-256
-294
51
163
70
65
57
60
68
-129
-66
-261
-237
55
-328
-50
-226
-252
-246
-89
60
66
107
79
-150
130
58
-82
55
77
-282
-61
58
62
111
-123
-241
-109
-53
53
-59
127
-367
-245
90
-52
-79
-121
76
-327
164
-53
54
77
115
120
113
57
-65
-195
100
-61
91
-166
55
170
59
123
72
-252
60
53
-406
-62
-244
-110
-55
114
-56
-209
-259
84
-92
60
-51
51
-235
72
182
-106
-55
-248
55
-119
146
-197
-69
84
-191
-240
149
-161
-84
-67
-244
-63
-56
106
90
-259
-157
-197
-339
-53
-95
-111
-167
-85
-241
-67
-784
60
-89
68
-261
74
56
-265
-485
-245
-204
-244
-244
-53
-221
-97
-74
116
119
-230
-120
-71
-55
-142
-113
-52
87
-244
-206
122
-81
116
-68
-57
-50
-61
-54
109
62
77
50
-84
-50
-52
148
-424
52
107
88
-260
-98
-72
-57
-299
102
135
-317
-52
-243
-64
59
50
-61
-661
-215
-55
-244
138
50
-241
190
-80
51
-314
154
-252
96
-97
-148
87
-261
-53
-307
-681
-51
100
-80
-114
-55
56
-314
80
66
141
-79
66
71
-332
58
68
204
-113
-66
-91
83
-318
-351
-159
91
-60
153
-558
-138
72
59
-52
56
-244
133
-281
-222
85
159
-128
-104
-172
-82
72
102
75
-82
-194
-107
-151
-176
-448
-51
-79
-50
-208
-97
133
-175
-60
-69
-117
-55
-61
-315
51
-387
-134
61
54
-276
-259
-241
-182
-242
-159
83
163
-421
64
-241
71
-69
-86
81
53
-238
167
-125
-284
-342
-106
-57
82
169
82
71
111
-108
-72
-96
-224
-239
-52
-80
50
-194
86
120
97
-74
-74
-402
-231
-216
-396
53
-70
-74
-88
-58
69
52
-54
-113
65
-330
-267
-108
-54
101
-209
-346
-72
-54
-115
92
50
-61
-50
-64
58
-55
-444
-66
-346
-92
-75
-357
130
61
-77
67
108
53
89
-65
-229
96
-298
-65
-99
130
-60
80
-114
-144
-125
-62
-204
-167
-69
-442
-100
-80
-115
53
113
70
-84
-119
-217
-499
64
101
-357
61
-69
-94
-52
90
-51
-219
-491
-205
-79
-412
-531
-117
-136
-53
-56
-236
-188
-275
-253
-151
-76
-50
-60
-113
-198
-136
-348
150
-120
-207
-97
110
-198
76
-106
-54
-317
-187
56
-62
60
-60
-52
78
-163
-63
-261
-50
-79
82
-250
63
-53
119
159
-124
-94
-90
-62
69
-59
-64
78
81
-79
-262
-87
-351
61
-73
-104
-57
81
-250
-158
-181
-54
52
-236
-281
-83
-52
60
59
154
-80
-78
-67
-63
-56
-279
-56
-220
144
-55
107
-247
-242
-223
-217
-81
-247
179
67
-53
-59
-255
168
-277
-50
195
-124
139
-134
-187
-182
112
-177
113
-228
-70
-206
65
216
-143
-79
-67
-450
-257
-258
-78
-240
60
-60
57
93
-380
168
72
-88
75
-50
99
-509
-50
-52
196
-259
-243
-517
-140
-248
138
-210
-62
-83
-129
-65
63
-60
-50
-105
79
101
-248
94
-181
128
-152
95
-54
-117
-58
-193
-246
73
66
-55
92
-250
-147
-89
-528
63
-295
-83
-92
106
93
-227
-354
119
-161
-275
-88
-162
-245
-88
83
128
-91
89
-60
-187
-55
-147
80
64
-72
-58
-211
-162
109
-110
-96
-76
-305
-50
122
-73
78
-254
-50
101
-53
-78
-297
-60
176
-253
-138
55
-201
-119
-59
58
78
-77
-52
-287
-161
50
-116
109
64
-91
125
209
70
63
-136
-70
-119
-163
-51
-59
-61
-54
-107
94
52
140
67
-51
-247
85
-431
-314
194
-115
-241
66
-160
66
152
144
73
170
57
-180
-89
68
-117
84
-66
62
-50
-263
-363
-72
54
71
-107
-106
-123
-379
-52
-227
154
-58
-379
57
125
-371
-64
420
208
-565
-244
110
133
67
-423
-425
-115
-95
-127
-51
-57
85
-108
-61
-243
76
-58
-382
123
73
-53
-85
-126
81
63
58
129
-320
57
120
80
-248
-245
-62
56
-53
-125
-125
-189
-171
97
-73
-52
153
-124
-246
82
-249
114
-122
57
198
-109
-111
-68
138
108
75
124
-258
78
-50
-64
-75
-235
-50
105
101
-246
-195
88
99
139
-57
55
104
75
72
-274
-50
-330
-64
51
56
54
-86
87
-252
67
101
-126
-103
63
52
-57
-235
60
97
-115
-187
82
-244
-271
-238
92
161
-100
-65
161
131
-160
-124
-343
90
-248
-83
63
135
-66
93
-129
172
-53
180
170
-244
-253
153
61
61
-296
132
-332
-152
118
213
154
106
-357
-243
-149
-258
-151
94
-327
-106
200
108
-60
-62
-168
96
-424
63
-69
-350
-275
-177
-264
-104
-244
81
55
-53
51
-117
55
-318
-256
114
92
-93
-60
-50
-183
-65
-370
-464
-259
-250
-381
69
-247
121
-181
61
-269
52
55
-58
-272
-240
-259
176
-452
70
70
207
153
78
-55
-88
122
-210
75
-225
-272
-268
55
-68
180
-703
-127
-78
-51
64
-67
-232
-316
-242
82
220
-64
58
-126
-52
-178
-57
60
-58
-290
-249
-249
139
59
-300
-119
51
-54
84
-81
52
-51
138
-117
-67
-56
102
-92
-226
50
66
-135
-104
-59
-241
-76
52
60
-250
-54
-375
-52
-93
79
-65
-251
-319
-93
54
-200
-264
-230
-280
-97
104
58
58
60
-650
72
-250
-258
164
-643
-244
-59
70
-310
-56
72
-208
123
-247
70
-258
-87
-413
-292
-51
70
102
-248
-135
59
95
-287
-53
-223
-418
-120
155
-106
208
-261
-249
-247
-77
-53
-108
-55
-101
123
56
173
81
152
-60
172
-153
54
-102
80
-350
-118
-74
-58
-126
-153
-162
-132
-124
-116
-105
52
58
-127
-100
-50
-156
70
158
-57
-85
51
-64
78
136
-63
-52
-186
-94
-334
-310
-385
-68
-83
97
-247
66
-472
-95
-137
78
93
-155
-75
92
-106
-167
204
-53
168
-114
-621
124
198
-188
-70
-57
-57
-181
-60
-105
-52
52
-54
-137
-210
-125
-90
-88
-100
81
136
-347
-135
-444
69
-52
-194
-72
132
-176
51
183
-60
-139
-106
204
-81
-62
80
68
85
-182
-88
-133
173
183
54
-269
-247
-670
-293
88
50
-117
-113
-63
-54
50
-174
-55
-358
-143
61
-308
-155
-102
-60
-260
313
-67
61
-60
-103
-54
-108
-165
-50
-319
-54
-153
-60
91
-75
108
-54
-69
-122
-62
-152
-136
-80
-308
-204
-145
-136
55
96
-184
-147
-201
-185
-61
-57
57
-115
-183
-304
-107
84
-100
66
66
-244
-255
-53
56
145
-243
-73
-242
-50
141
-261
-457
83
-123
109
51
67
106
-75
-102
-541
63
115
-50
-237
-244
-83
143
-60
71
-88
-191
61
-168
-75
-74
-260
-64
156
-65
-320
-252
144
-54
-273
-259
-278
51
51
-154
-221
-73
-271
77
-142
-244
-262
-52
-51
-105
199
-60
-248
-52
-154
-605
-186
-324
-110
-231
-78
-224
86
-397
113
107
-63
-314
-108
-275
141
93
-104
-259
-209
-156
-246
-243
74
53
-87
-120
-239
79
-175
-331
60
-238
-59
55
54
191
67
-146
-59
-144
-75
-52
-245
91
-59
50
180
-52
143
-244
71
56
-60
-257
98
-238
90
101
67
50
-233
-71
-125
112
91
-89
97
-155
-71
-68
76
-256
-225
62
-110
83
-138
71
-357
-237
-257
-97
-108
96
-68
-489
-280
-55
-386
-244
-383
-157
-69
50
-114
-79
-195
126
-240
-258
-70
-126
-80
-79
-241
-65
-190
-107
53
69
58
-52
-258
61
-297
114
-78
60
-85
59
62
-120
-239
-270
-276
163
91
102
-273
78
-60
50
87
197
-243
-64
83
-78
-69
-109
-381
121
59
-252
75
67
106
-669
-250
-68
-73
-180
122
-285
-87
-194
-377
57
59
-193
62
-77
-175
-249
-122
53
77
-53
-81
-50
-61
-640
-132
51
-173
172
50
-269
-122
-295
-74
138
-170
-53
-278
134
81
-136
-256
-120
71
-362
151
62
55
102
-204
-62
-314
66
-242
-113
-354
-69
-52
-164
97
54
206
-170
-55
-147
57
-51
103
-52
80
-160
-256
-66
60
-89
-309
-254
-245
-199
-51
-243
-247
54
-287
147
-64
-52
-250
67
-347
186
-243
-90
-240
201
-90
-79
-200
-50
-125
87
59
-50
109
-50
-223
-53
87
-308
-88
-248
-245
-560
-86
-334
-230
-235
-94
-112
50
-122
-56
60
155
-181
-239
-238
50
104
70
-50
-116
79
-126
99
-243
-182
-129
-197
-62
-495
56
-264
-271
95
-61
-323
64
-270
112
-243
-72
-68
-220
-66
54
-128
105
54
56
-120
-89
-86
67
54
-240
-243
-87
-53
-50
60
65
-58
-203
58
-74
-259
-239
-77
-252
-269
-289
-121
69
104
-242
-102
-257
116
77
71
74
-184
69
-320
-58
-67
-196
-259
160
-257
-58
73
-90
-144
-51
-285
-242
-248
-241
-117
-84
56
-254
-72
-558
-289
-328
-66
177
-64
-234
-225
-635
76
85
-298
150
82
-128
-243
-100
104
-96
-64
-329
-54
-111
-115
74
-296
-251
118
-202
-90
-226
-145
134
-429
-50
-73
54
-69
157
-51
-114
-116
-240
-85
-296
-245
62
58
188
-109
81
-305
-128
-134
108
112
-109
-281
51
136
-236
-244
62
-71
50
-77
-380
53
86
-51
-50
55
86
55
97
89
-61
79
147
-286
-252
-56
128
132
65
68
77
50
-248
-75
68
-261
-526
138
-243
-216
-181
-64
69
56
79
-94
-58
-225
53
51
-224
-93
-238
-147
123
-259
172
60
88
-50
-55
-75
-248
-262
-96
-113
-113
-257
-116
139
-287
-271
160
-210
-176
-308
-293
-218
-53
-50
-156
-53
-88
-408
-189
-146
-483
-482
-205
-564
-71
-214
-104
-54
-136
-51
-120
66
-73
70
-140
-77
-120
136
-158
-95
-66
95
67
164
211
-92
-178
-172
-204
-304
-269
-96
97
116
-275
-113
167
-89
135
-345
-375
-441
-93
233
74
-175
-325
-117
-115
-60
-452
-447
-99
115
-54
-86
-53
-113
-52
-58
-50
-88
244
-98
56
-126
-56
-219
-87
-78
-153
69
101
-853
172
-330
-92
-136
90
90
63
-317
-119
-99
-53
-94
-135
-239
-57
-159
-655
-102
-64
-62
-544
-238
96
96
-169
-120
-256
-152
-167
-77
92
-53
50
63
-55
73
108
-87
54
-75
-160
-264
-115
-84
-136
-50
-52
-60
77
195
-86
58
84
-60
-94
-126
-61
-60
72
-80
-540
-59
224
77
86
-97
-122
-63
69
66
-60
-51
-92
57
-52
-89
-88
-53
-143
121
-62
-54
152
-56
-98
-53
-197
-75
76
-433
-170
138
-67
62
-52
-211
-92
-111
-403
-55
62
-349
-54
51
-72
52
-123
-148
-236
62
-61
90
65
-203
-160
81
-54
56
-188
-121
-128
103
-132
67
-165
-336
213
61
-129
157
-194
64
83
85
-52
-108
70
121
-336
-123
-111
-90
-124
-152
-229
-134
-83
-164
-114
71
-73
-54
-334
-56
-64
-56
-50
56
71
55
-86
123
186
-239
-177
-52
-202
-65
-217
-104
-236
-56
97
-285
-164
-50
51
57
65
-319
54
-79
206
-113
-68
127
-63
71
-52
-379
-97
173
52
155
-110
90
-69
168
68
-53
64
-354
-133
135
113
100
-185
-51
-61
-660
-244
201
58
58
-53
-50
89
-382
-77
-91
-150
-255
81
112
-130
-203
81
59
-331
137
-255
-488
85
-64
64
-258
-139
142
61
68
-340
-184
-284
92
-112
108
53
-96
157
182
-53
-72
89
-181
-99
-297
80
-246
-56
-239
-372
-55
-62
87
112
58
65
-54
79
78
103
-94
-137
-64
-338
-73
151
-57
-93
79
-57
-56
-104
-242
145
-54
-107
-51
-50
-101
64
-95
-324
-57
-56
-50
-260
-240
80
-54
77
-570
50
-61
-235
-52
-77
-319
127
-105
-244
-64
-58
78
-130
119
-242
-294
-180
-115
-220
-85
122
-413
-282
-97
52
-64
79
-185
-53
-86
122
-106
-172
-88
-247
67
72
-555
-84
51
-101
51
-262
-79
-246
-82
88
-150
58
73
-245
-139
60
146
58
-72
-151
-84
-317
54
110
-341
-240
-107
-123
-121
-51
207
-79
70
68
-74
148
60
60
-59
-84
133
161
103
-60
-182
-61
-115
-94
-86
-82
-68
88
81
-103
51
-257
-90
100
53
-142
-61
-256
120
-235
102
-280
92
-71
-140
97
83
-321
73
-132
-137
-83
-455
80
-252
-76
-105
-185
65
-175
112
-57
-62
80
88
-66
104
-50
133
52
51
-175
-249
148
108
-70
-86
-178
-305
68
-83
-97
-102
-152
-85
-83
-242
-312
-147
-380
-74
-90
208
-78
-57
-68
-259
148
-121
-253
-361
-261
85
56
-60
64
60
140
54
98
71
-240
67
-73
-67
-60
-54
109
-51
-92
-59
-79
-63
91
57
54
-66
-300
-205
-242
-235
-255
-60
75
-261
166
-244
-261
-327
-430
-69
-58
-88
50
-78
66
-150
-50
-168
50
-344
-53
-84
77
156
-69
-58
-228
-86
-50
61
131
-128
98
99
52
-51
70
-257
-124
-74
-92
99
-250
-92
-77
172
123
-58
60
-239
154
-230
56
70
60
88
-50
110
-60
56
51
-240
53
118
-95
-121
-57
-67
-149
-258
-164
-54
-71
-287
53
-249
-250
-459
-319
-245
95
-53
-50
100
54
-52
-56
-170
92
50
89
-265
-62
-86
-227
-86
-50
90
120
162
-59
91
-59
-255
-304
50
-136
-151
-235
100
-114
109
-207
-466
-191
-239
-263
119
-221
-178
-241
93
-53
102
146
-368
-261
-393
-259
-313
-309
-64
-50
-225
-331
59
-63
-220
149
-116
-570
-267
81
-673
-305
-341
-56
-90
-116
66
-171
-209
-53
-97
-675
53
95
-186
113
-151
-162
-109
-119
108
133
96
51
-198
-52
-102
-64
-54
-52
-257
56
-110
104
-56
65
100
123
-117
70
-340
50
122
-257
-54
-384
-75
109
-199
70
-64
59
-50
-242
171
73
82
106
97
-114
-54
-255
-388
55
-246
-194
-222
55
70
-55
-255
-76
-488
51
-63
71
54
-255
-148
-52
-255
90
-165
-245
-76
-243
127
-195
-255
62
-256
-243
-144
83
-68
-242
120
64
-268
-496
64
-285
51
-66
-102
147
70
125
-250
-58
-60
-216
-104
-176
70
-323
-255
96
-82
-178
140
96
78
180
-234
-163
-79
81
-267
-83
84
-221
-136
-76
57
170
142
101
-262
-50
121
-191
90
156
-119
66
-55
71
-57
-82
-158
-60
125
-255
-240
-295
-167
-146
-51
-254
73
-134
-64
-184
-58
-105
-270
56
-115
-126
54
73
59
85
85
-51
-266
-327
-140
-92
74
-96
193
-256
-55
144
60
-257
-250
-54
-243
-127
119
111
-328
-515
52
-261
-53
-162
75
-245
101
-56
101
-186
-107
-129
-158
-260
79
-245
65
54
-115
78
54
-79
-73
-62
-93
103
-250
-244
194
51
-234
-201
-173
63
-124
122
-202
-69
-53
78
87
-202
108
-240
-57
73
-221
105
-243
77
79
-60
173
146
51
-138
-259
61
199
-63
-50
-56
-242
-261
-116
-77
62
-241
85
89
50
-132
119
-310
-215
-66
126
-93
-243
90
-52
-251
51
68
119
-77
-248
-124
-256
-98
-460
-52
150
-254
-196
82
78
211
76
101
59
114
101
61
178
-73
-50
50
-86
-154
70
79
55
100
93
-254
145
77
-206
94
-53
-143
54
102
-375
209
-71
-639
-50
-198
-112
-83
-60
167
-50
-559
-89
140
102
-116
81
67
-85
69
-52
-136
-115
-175
-161
52
-149
52
73
-111
-73
-50
116
-55
62
208
-72
55
-168
54
-54
-244
133
-66
-68
51
-243
66
-165
-182
84
154
-271
74
-52
-268
-292
60
-56
125
-100
-94
91
-63
-251
108
-140
100
-73
64
-67
-75
-224
-68
-140
-641
-494
-119
-97
85
113
-58
90
-312
-59
-94
142
-130
140
74
-122
-117
-61
-821
-243
-82
80
51
-121
-188
-75
-123
-54
-77
-152
-127
-243
58
-55
-142
-137
-178
-177
63
107
-57
-162
55
-187
-391
131
97
224
63
-50
-226
83
54
-51
-381
-342
-75
-55
54
-76
175
-315
-52
106
66
-55
-108
-78
-75
-106
71
-433
-96
-103
-256
-72
119
-236
-238
-157
-219
-149
-185
-197
-69
-202
70
-51
-123
59
-140
-64
-144
114
-88
-672
-68
-69
-319
151
-132
-336
-125
55
135
177
-243
-64
-582
-55
-170
168
-167
-110
94
-69
-50
81
-246
101
-191
-61
-56
-269
85
-164
-54
55
-52
59
81
-55
-56
92
-54
235
-240
-83
-140
73
101
-204
66
-88
-100
-97
404
-96
-208
-183
-223
186
-52
188
-165
-72
-241
69
-327
74
-138
-110
-55
-77
-115
333
85
85
-116
112
-507
107
-176
-128
-60
105
-98
-194
-161
79
-141
-54
89
50
-294
-50
-181
-113
-83
-262
-67
-250
-52
-347
-189
-342
-373
-120
-656
50
-487
114
-600
-433
121
-122
53
-176
-55
-88
-402
-105
-72
-80
-52
78
-236
-189
57
-358
80
118
-274
-170
-56
-152
83
-191
-89
112
-193
-325
58
81
92
-54
-66
-50
-246
-58
84
-223
85
-246
-52
-64
-238
-218
60
-182
-64
-101
-282
-110
63
125
-322
-69
-69
-210
140
130
-66
-69
-93
-299
-88
85
-288
94
53
-56
57
105
-142
-157
104
-50
-233
-69
-52
-133
-267
-59
-51
67
94
-61
-60
-137
-204
-202
89
-60
-254
-50
-246
182
-199
-65
-52
-102
-209
-64
-316
102
50
-81
-109
-155
71
121
80
62
-313
114
89
94
-265
-61
-138
-183
-210
-149
186
-256
-77
59
-50
-72
-146
-65
-88
-80
91
103
-95
-201
-445
73
169
-130
57
-64
-78
-78
116
-63
-257
-277
-242
56
-191
125
-126
124
-400
-60
-141
93
-109
-196
-105
-321
-116
-186
52
-50
-250
-244
-267
-242
-165
-243
-255
-319
-50
78
-61
-52
77
-246
-192
-61
-438
-243
-250
194
58
-242
67
-170
-338
91
-319
-51
151
-514
175
-87
71
-251
-72
111
89
64
-81
-60
162
-84
-318
62
-168
-162
93
-248
-243
96
121
-282
-339
112
57
-54
-239
118
82
106
-240
81
108
115
116
52
127
-63
188
-88
104
-140
-50
68
-262
198
-326
-50
-140
-243
-53
-95
-76
-111
-62
-208
-257
50
-119
-79
62
-58
-64
-253
58
53
162
-211
88
-55
-321
57
80
54
-77
57
125
-54
58
-107
75
-52
-325
-58
-145
-244
-252
-285
-283
-147
94
55
-247
-59
142
89
-168
53
-246
70
-112
61
56
96
-153
-72
-208
57
-171
-84
-280
77
-111
97
-259
132
52
-114
-93
-224
-60
74
-51
-247
53
-246
64
-86
51
-413
-549
-92
103
-187
50
-52
102
59
-69
-189
-257
82
98
111
-106
-130
-390
-196
-72
-213
-151
-105
-52
188
-54
-78
-138
54
121
-235
-118
-247
-263
-76
193
168
177
-191
-81
-149
-392
-573
-68
146
-190
-267
-484
-321
-96
83
-170
-76
-164
-52
-244
-51
53
-102
52
-250
-73
59
-62
-219
99
-380
-165
-180
84
-391
88
-315
-62
-135
-68
102
-103
-105
61
60
-146
-360
164
94
-54
100
116
-62
163
68
52
-807
-55
103
-248
95
93
-130
-108
76
-57
-98
-114
73
71
-237
-61
-80
-153
-373
-77
90
-108
-61
-137
-147
96
-69
-54
-288
-63
-330
161
78
-53
-64
-310
-202
-126
-97
-67
-364
58
58
-502
-72
-168
67
-140
-51
52
77
-373
-323
90
-59
-136
-137
-79
-178
-119
56
-126
-76
-98
-211
61
-60
54
-114
-287
-243
132
-603
-148
-108
128
-549
-60
-77
-203
133
60
-75
188
-56
60
-61
-140
-78
79
-55
-77
-97
-64
-68
-191
-63
-70
-60
-50
55
-107
-133
74
-204
-84
-109
-84
-244
-197
71
-56
-53
-459
-318
75
-463
-72
-105
-112
-227
-359
-220
-69
-58
50
-67
-109
-142
-108
-263
-192
-130
-307
91
54
-54
-98
-150
-212
-89
-60
-72
-254
-176
89
-55
187
-76
-96
-64
-119
-63
-70
-286
-326
-168
-197
-323
-193
-169
-50
-247
-55
-61
-454
-322
-366
-141
-155
-165
108
-252
-121
-90
-168
142
-146
-352
-462
-99
-98
-72
84
86
-148
121
-246
-57
-241
173
-64
-383
80
-84
-66
-110
-294
304
-56
110
-95
114
-120
-440
-100
-64
96
-87
66
-56
-331
163
77
-95
203
-71
146
-226
-312
-159
101
-307
-113
80
72
84
123
-80
-114
-111
-54
-100
-66
-88
77
-128
-71
-285
-196
-50
-69
59
-186
-84
54
-331
-143
-133
-137
-299
-305
63
-118
96
-332
182
60
54
62
156
55
50
-71
-96
-152
-89
148
-249
52
-96
136
-75
-84
-84
50
-165
-67
-154
-96
-115
-62
-387
-204
50
-99
-401
-276
-86
-76
140
-52
-118
91
104
-68
57
58
-73
-200
80
62
-159
-58
-396
-103
89
-62
-200
-106
-951
-115
-52
-52
-62
-312
104
-208
-52
-278
-115
-285
-242
72
-72
56
-77
-158
65
-52
68
184
84
-245
-60
-57
-242
-74
-62
-285
-102
106
-87
-84
50
56
-133
115
-87
58
79
85
194
-173
206
-133
-239
66
85
-64
-251
-169
95
-308
-257
56
-174
-201
-53
-68
-56
-152
-191
-233
-71
88
-173
52
89
-310
80
-206
135
194
-74
-495
-54
177
-287
-51
-71
-236
88
-76
-255
-108
-200
136
-51
64
-62
177
-246
-193
-123
-52
-78
111
-233
91
62
52
-525
184
71
-287
-225
-356
156
205
90
-76
-53
-243
136
70
-72
52
70
-64
-54
-70
-197
-131
-80
-256
-112
-436
-131
-243
65
85
-104
-258
60
-52
-54
-59
-249
-62
68
-248
63
182
-252
-248
144
-289
-246
-123
-129
77
-112
-103
107
-88
-63
-72
-372
-152
68
-119
-246
-109
55
71
-59
-167
82
-195
89
-332
-84
-133
-91
91
106
77
126
-371
-63
-158
-62
-73
77
-60
-298
-62
111
139
92
52
-321
123
-522
-73
54
-140
82
-52
79
54
-72
98
-203
-244
-186
-54
82
-232
-135
-240
204
185
-163
-58
95
162
50
-245
-244
-240
-147
-252
60
-75
-68
-260
-171
58
-149
66
206
-116
61
58
67
-98
-84
74
-242
-401
-291
-51
-50
64
-123
-57
-242
-249
-308
-287
-56
-260
-103
-56
153
-91
-94
66
-214
-91
-173
-146
-236
-83
-256
-258
58
-241
-67
-63
-244
-53
-250
181
-222
-92
-101
-142
-288
-54
-52
-374
-164
71
162
162
-258
-52
-250
107
-244
88
-97
-65
72
80
-185
-247
-177
-253
-62
139
56
-95
61
-239
67
62
-317
-100
-51
67
-256
-94
-59
-400
-574
57
-56
-66
96
101
-268
124
56
-55
119
-152
-162
-549
-83
-142
52
69
82
58
77
-185
-51
120
-52
-58
140
70
-50
-63
76
-243
-246
-149
-132
-500
-144
84
59
-54
-242
-203
-84
60
-186
-238
60
-51
81
-103
57
71
-120
79
-287
120
-52
-176
63
-240
-52
-106
-216
-52
-153
-213
-250
-50
358
72
132
137
-185
-482
-63
64
101
-88
-56
-57
-391
77
197
103
-296
50
-51
-87
126
78
-85
118
81
-243
-104
125
-123
-51
-75
-228
-158
-176
-81
69
-317
-238
-205
-244
-120
-65
-53
-59
-195
-119
61
-65
-129
-243
102
-367
-119
-773
-68
56
-55
-77
-487
-239
103
-72
-241
110
56
-245
-158
-67
56
60
-381
102
-82
83
-239
-57
-50
62
-104
-98
-137
-52
-289
-130
-86
51
138
-169
60
66
55
-381
-186
-66
-317
133
136
-579
62
-65
55
-115
-66
84
52
-126
-56
-237
-62
84
92
-53
-174
-185
-87
-252
-190
-216
-143
-89
-344
-97
-58
-60
-154
-85
51
-62
-89
100
-75
93
95
99
-50
-192
121
54
-55
-66
-106
-109
-55
-54
-483
-100
-64
69
-53
-79
-87
-184
-100
-89
109
-72
-233
-62
116
-60
54
136
-202
59
-74
123
84
-67
-339
-65
62
-73
62
-102
-490
158
-122
-53
59
-80
-250
52
-226
-58
-189
-68
52
-399
54
92
-162
-71
-150
96
124
65
-120
-129
89
-105
94
-241
-147
-375
-58
-260
-166
-216
-131
150
82
54
-51
-311
-74
102
87
-50
68
189
70
-82
-174
-361
88
-50
-160
-110
59
73
-72
-81
61
-80
-158
56
105
67
-107
59
-68
-155
-192
-248
52
-386
-50
-242
-53
218
-56
-55
-52
-70
-185
-151
145
-73
-76
-330
58
58
110
-382
-217
-452
-55
-114
111
-128
-90
50
-312
54
-130
-74
78
60
-267
187
-123
-172
-249
63
86
-314
-66
-393
-250
-330
79
64
-65
-263
-245
-58
-220
-106
63
-585
95
-56
-263
-124
73
-180
-335
-157
-52
-170
-50
-245
-50
-113
119
136
-252
-188
185
-142
118
-505
-205
109
169
116
-115
-52
-110
-89
55
116
-262
-124
-334
-206
-62
175
-50
91
-96
149
-298
-73
-54
-75
-62
93
75
-70
-145
-83
105
-206
-153
-71
-60
144
51
-53
58
-66
-50
51
88
-140
114
59
-466
-222
-67
106
-54
55
-53
-97
-56
-255
-260
-116
79
95
56
-251
-248
-81
68
105
55
-275
51
155
-253
-52
-270
-184
123
-311
-427
183
70
102
-86
160
-242
-259
52
-56
-50
-62
-169
68
100
-89
-244
-126
202
125
-245
-230
-124
172
-164
-157
51
83
-243
-90
-150
80
-166
-66
52
64
-95
-255
-89
-79
-137
120
-53
94
-129
-78
64
-83
-256
-171
76
75
-127
-55
87
-64
-66
-51
-137
-246
201
63
-238
156
76
63
50
-60
-241
-250
-240
-434
-58
83
-64
-266
-260
-78
-244
-352
81
-108
-336
-310
-99
-134
87
123
-81
-173
-117
-84
-158
57
-288
-479
-101
68
98
-332
92
-279
124
-52
-259
-58
-206
-53
116
-122
53
-65
-248
68
-77
70
76
-141
-54
-189
153
130
65
-321
-69
-225
-110
125
118
-249
52
91
75
68
-68
58
-75
-245
-156
-95
-117
-108
-243
-374
51
-152
-58
63
85
60
-50
130
-247
-88
-432
-239
-288
-257
64
-470
82
-240
-371
70
-279
-230
-301
-217
-478
198
-54
61
-127
-59
58
-96
-368
52
115
68
52
-78
-371
-56
-99
59
-132
-296
-246
-82
80
79
-55
-126
-469
-248
-143
54
-112
123
-75
-52
62
-240
-67
-102
-229
-241
-314
-245
50
86
-312
55
-367
93
69
-94
-55
-108
76
-50
-64
-184
-64
-299
50
124
103
-251
-57
-85
-248
-246
94
-247
54
-324
-57
60
-179
-266
-129
-257
-61
53
-51
-50
366
-143
-230
-129
-165
-95
110
97
68
100
-250
-54
-305
92
-259
-224
-110
-92
-273
55
-171
63
88
69
92
-52
86
-178
-294
55
57
-295
61
55
50
75
-166
-208
-154
-115
-56
-551
-86
-438
-318
-183
-73
94
-51
-69
-189
-99
136
190
-157
103
76
-265
-240
81
176
-55
-69
-269
-67
175
-145
-131
-58
-57
-638
-257
-71
-206
52
-140
-57
-77
-233
143
63
118
64
-286
-50
-242
-56
-208
71
-76
-64
-52
59
-445
-545
-98
-62
-181
137
-133
56
75
-536
-151
54
51
-75
140
-57
113
-164
-131
-65
125
-239
-55
76
-380
105
-198
-254
-292
55
-179
-218
91
50
-158
-243
-360
-161
-118
-113
84
-65
-190
120
90
-55
-125
-51
-67
-426
-296
-307
50
-86
52
-83
-257
-137
107
75
-241
-315
-61
-102
51
-59
-78
-54
-133
51
-58
-179
-320
-248
-65
64
136
207
-119
-90
67
-114
-170
111
-522
-249
72
-197
-613
-74
-245
155
-168
-131
67
52
-251
101
120
-334
-277
-56
-397
68
64
-166
109
-171
57
53
-211
-256
62
134
117
53
60
-391
-231
-246
52
-98
-84
-170
-177
97
-242
-242
51
149
-119
-560
98
-75
-321
-73
-361
-54
-80
-322
58
87
-91
-286
-255
113
131
-62
-219
109
-76
-242
-115
-88
-592
-144
89
-84
-51
-531
73
-58
56
-50
-239
-199
77
-320
-349
74
-183
-236
-50
-277
-50
-162
98
-195
-113
80
-250
-112
-78
-64
86
99
-181
71
60
168
-256
-257
-189
-219
-51
85
-52
-168
119
-146
-252
97
-84
-246
-146
-55
113
-240
-80
-145
139
-210
-156
-86
62
104
-126
63
-52
-123
-59
91
52
52
-320
-170
-70
101
-72
-82
131
-77
-103
-247
-200
-292
-67
-57
-70
94
-53
-153
-136
94
190
-284
57
75
-56
-203
103
-131
78
-131
-52
-50
-81
-246
-242
-248
162
70
-363
-206
-61
66
-93
-57
-242
-355
-243
-275
73
72
53
-257
-151
-244
191
-52
53
96
-60
-242
131
-53
-65
-261
-64
50
-101
109
67
-260
-206
-293
-58
117
84
-79
59
-60
118
-124
180
75
-370
-69
-115
100
-94
76
75
57
80
53
-51
-251
-243
-59
-71
-50
-90
-167
-116
-315
-247
51
-59
-112
-109
-133
-86
-87
-328
53
-258
149
-111
148
-52
-258
55
162
-73
74
55
-64
106
103
81
99
-162
-341
-160
-113
-148
-252
-73
-61
139
54
-69
119
-228
89
-70
-80
-78
51
-208
-557
-72
51
-247
-199
-68
-170
-76
-78
-102
-241
-54
52
-355
-99
-51
-241
85
95
-57
52
54
112
-105
-174
137
73
-52
-50
-98
61
-58
-57
87
-88
58
69
-241
-112
-91
-57
-261
70
156
-176
-260
-89
188
62
91
119
-51
-102
117
-56
-61
50
-127
-164
-96
-394
-171
59
57
-382
55
-178
-310
-107
-200
104
-64
-136
98
-236
-83
-65
86
87
-180
-62
196
-53
-242
-51
-69
-85
-244
-54
-70
-468
85
-367
-384
-194
-178
65
-382
96
54
-59
-64
62
-82
-57
-132
-128
67
-134
62
87
52
63
-59
-153
-218
108
-223
-88
53
-56
-112
-245
-399
-59
-193
82
100
-96
-390
60
-130
-73
-77
-329
-62
88
59
-153
-973
-106
97
-104
114
-242
63
-50
-387
72
-173
129
134
-159
-195
-116
58
87
76
-65
-133
-325
81
80
57
-66
-66
-432
-63
-311
74
-70
56
-117
134
134
60
-51
-106
-55
-62
-173
-84
65
84
-573
-80
63
-87
-66
-476
139
54
-120
64
-68
50
-56
-53
-148
-86
-62
-67
153
-436
-123
90
-130
-180
-141
-63
164
162
-77
-542
-90
-446
-412
-270
-177
-261
-240
-124
-130
-138
88
-88
-312
-82
-150
-59
-57
-74
52
-83
-120
63
-63
-264
-50
-324
81
-94
100
-54
51
56
-88
55
-215
72
204
60
-282
-75
-342
-60
123
-240
102
-305
-56
-191
-132
191
-75
65
56
-135
154
106
-90
63
209
-166
-53
-230
-50
-220
-350
-534
-67
-376
-332
-78
68
-105
-182
77
-82
-92
-89
57
-160
-103
-69
-58
137
-288
61
-417
65
-102
-390
-221
-136
-51
-56
-75
-83
-141
-259
-75
-339
59
-92
57
79
74
62
92
-58
-127
60
-271
125
91
-313
-67
-57
-100
-88
-270
-76
59
-266
150
-58
-77
-102
-187
109
53
-156
-92
-314
-170
-186
114
-55
140
-294
-82
141
109
74
-190
115
76
-325
53
-55
169
198
-80
-557
-245
-184
200
128
-66
59
-216
-55
-268
53
-68
69
-108
-55
123
-50
-266
-251
111
113
-288
-298
58
51
-237
-80
-64
-88
-56
-243
-423
-289
-197
83
-83
-85
-230
66
104
-75
63
145
-57
172
108
-249
98
-104
-133
-242
130
-75
-112
82
104
-352
-262
66
-245
77
-244
61
144
94
79
-62
-81
-64
-205
-59
315
-80
-87
62
183
-50
-235
81
-56
-141
59
-77
-75
-84
51
58
-119
-103
-72
-59
-60
-156
74
-51
110
159
73
54
-195
-261
-345
-55
75
-69
-321
-241
-325
-301
-236
59
-56
-197
-120
54
90
-51
-100
-249
105
148
115
99
-74
-168
108
-453
-116
-165
-64
58
-349
-71
74
145
-252
-244
-449
-113
-171
-244
84
-62
-71
118
-67
-251
61
-62
-245
-80
-86
-91
-84
68
-194
-140
-316
79
112
-85
-243
-54
-111
-55
-143
173
-146
-59
204
-261
91
166
57
-67
57
144
-110
-274
-246
-113
61
109
-241
84
80
-73
59
-187
-73
-410
135
-56
58
-194
-246
-76
-258
-261
-83
129
-61
97
-56
-185
-242
-69
-61
-51
-71
-50
182
50
-232
-55
-302
-262
-238
-216
90
-58
-50
113
-93
64
158
-80
-85
-54
-132
-322
-132
134
-134
56
67
-135
170
-315
92
-92
89
-322
-80
-70
-67
82
-268
-350
85
160
-247
-241
202
-80
-54
-368
-169
67
-257
106
-239
95
-123
-72
-249
-158
112
-245
-86
-84
84
54
-59
-304
-89
-82
-250
-51
-244
-50
-143
-245
-143
94
51
-263
183
130
-60
-368
-54
172
54
79
-77
-174
102
-84
-399
205
-65
110
-262
51
-325
-240
55
101
-255
186
-331
-77
-287
-247
-158
-112
-68
-94
168
-400
-181
-321
-135
110
66
103
103
-54
146
-203
-237
52
-154
100
-369
52
-242
-256
-51
-50
-118
-215
-114
86
78
56
110
80
68
61
-152
-148
-137
-243
-64
-359
-63
-143
51
62
-171
-249
-430
100
-376
-155
-121
52
-99
78
62
-319
-54
99
54
-89
123
169
56
61
-83
117
64
-83
-335
-104
-55
-89
66
-188
202
53
-176
-242
-492
-88
-142
166
-114
161
83
-214
170
-135
190
-58
189
-246
113
-177
-53
81
-508
-143
-144
176
112
-258
-63
-184
-62
-64
-311
-138
168
114
-201
80
-69
-152
81
111
54
-267
-396
98
163
89
191
-194
-53
114
-69
-171
-238
50
108
-262
58
-99
-61
74
-256
156
-275
66
-68
-189
51
-136
-594
-247
108
-105
52
-381
64
-51
-248
125
-213
50
-90
-91
-61
91
-273
104
-285
-57
-228
-85
-116
88
-59
-111
-53
-271
-288
182
-145
-116
136
-359
-217
-67
99
-51
74
-57
-124
-50
-56
198
-266
-109
-103
-246
-118
55
73
-306
-282
58
-65
56
-55
172
-111
-57
-58
52
50
-121
-110
-248
-56
-293
-349
-111
-225
-197
-122
125
-56
-138
-375
-54
-55
-194
88
-202
-167
-101
-101
-62
-110
105
-84
-90
-66
55
156
-241
85
151
77
-155
-265
-144
-100
-70
-59
-387
89
-261
-122
-77
-57
-164
-64
-106
-51
54
-121
-146
-283
324
-76
59
-354
-354
-578
-98
-132
-229
-143
54
-179
129
-75
-179
-50
196
82
-233
-143
-235
69
94
197
-54
94
-97
62
-120
133
198
-121
101
-197
-104
127
95
-287
-240
-59
-187
-75
-101
85
-60
-258
-244
-227
-425
-82
-115
66
-109
-244
-262
-302
-163
53
-104
167
165
92
-83
53
-247
-255
-66
52
-232
80
-54
-149
172
-104
-78
-54
-50
-67
59
-83
121
-60
-63
-95
103
-240
-271
-270
-311
83
-148
56
-134
-138
-52
-239
-112
62
-67
-390
-175
-52
57
61
-57
-147
-242
-116
148
-110
-97
75
86
-241
-51
-128
-124
-86
-200
-55
120
-217
55
175
126
-229
-145
-368
-131
70
-590
-240
120
-259
109
192
-77
-256
-183
179
54
57
-150
107
-51
-240
-69
-198
-218
171
-299
-246
66
-220
-356
-170
-55
-65
-67
-305
71
-257
-100
-771
-50
-175
55
-101
-92
-51
-149
-241
-70
70
-246
90
-200
60
-423
-458
-247
-52
-104
78
-265
78
121
122
-56
-121
-121
-301
53
90
102
118
-245
-306
-96
85
52
52
-668
-65
117
-76
-152
-327
-349
-93
-90
-103
139
-243
-147
56
50
-54
133
-238
-147
96
-252
-364
-203
50
-85
186
97
146
63
-245
174
-313
116
-128
-116
114
87
-58
-194
-515
58
-118
72
-114
-73
-99
-198
-61
-58
-117
-66
183
97
-62
104
-53
-78
-92
-54
-271
-266
-373
-257
-304
106
-243
-269
-94
72
-142
164
84
-289
-93
-194
-239
114
-99
-90
-238
-55
-137
-187
-55
-244
-54
60
-60
-72
-105
50
-88
-295
187
68
159
-51
-92
126
-145
-51
59
-53
-410
-89
92
80
-54
-86
-50
51
-64
-66
-194
103
-68
-249
-64
-313
143
87
67
-132
-561
-149
-250
69
169
-221
-55
-54
-70
153
-119
-135
88
-116
71
-250
55
-169
-242
-200
-246
-250
-163
-52
-50
-82
-60
-240
-62
57
50
77
-61
58
-397
87
145
-320
173
-81
96
186
116
70
80
98
-115
-115
60
85
-64
-71
57
160
-198
208
-81
-431
-185
-75
55
-249
-95
-123
-254
-61
58
-251
53
-143
74
-242
-180
211
-258
134
52
-249
59
-259
-131
75
60
61
-70
-267
50
-262
80
-57
83
-321
-101
-275
-283
-209
-119
-169
-241
-257
181
50
-55
60
58
63
-193
-58
152
-77
97
-146
-91
-132
107
68
-95
-52
-276
-66
-201
-104
-205
-167
-307
54
177
187
-244
-144
-54
-55
137
-179
-216
137
-270
-119
-285
-175
-141
90
-59
67
-85
-60
-85
-246
-203
-494
-77
104
-266
-309
-69
77
-99
-117
108
50
72
91
-72
-245
132
-56
-207
71
-156
-69
61
66
52
111
78
74
58
-69
-51
-68
-308
154
-84
74
-110
-68
-100
-113
73
-230
-137
-339
-276
52
82
-65
-118
61
-81
-135
-121
-182
88
-210
-50
-56
-189
-191
-508
107
-356
-353
77
-54
-53
-194
-158
-247
53
-248
-66
81
-87
-147
58
71
-418
-104
50
175
-51
-113
-55
-150
-112
-84
-100
175
-50
156
147
147
-132
-267
-67
-74
65
-98
-92
98
-178
-55
-50
-319
81
55
-52
-270
-52
107
-298
-419
-111
-211
-120
-250
58
-51
54
-72
-246
-182
131
-199
-231
-135
-98
104
-666
-74
-66
-99
-64
-120
-201
-156
-63
-56
-171
-170
-50
-76
90
-53
-82
56
72
-620
-308
74
-306
-167
-62
84
84
-121
-208
-88
-85
-54
-120
-73
-112
175
-133
-242
-126
-79
51
-51
57
-95
106
-235
56
60
156
-173
-66
-72
59
-71
-51
145
-64
103
-96
-145
-87
-83
-93
53
-161
-68
-125
-155
-113
-294
52
-52
-70
-261
-97
-52
-81
-54
-194
-97
-50
85
50
75
-110
53
-55
-85
-145
-55
-106
-210
-95
-198
-81
-208
-51
-187
-78
-76
-97
130
-52
-118
-394
330
255
-53
-203
136
97
237
-70
-86
60
-133
-238
-112
-271
-93
-77
-55
98
-60
-63
-234
138
-60
-82
-197
-130
-50
-96
-196
-141
125
-58
-185
-125
-119
-54
-76
-202
-96
-75
-139
-103
-136
-137
-73
60
88
-151
-128
-194
-146
128
-301
150
122
-374
-260
199
-117
-71
84
-91
-131
-178
-63
-68
-112
-53
-60
84
-55
-78
-154
51
-171
-55
220
168
162
72
105
-111
-155
88
-465
-50
50
-62
-379
-508
-307
-210
-94
55
-107
110
-100
-193
-150
-286
64
-270
196
-50
-60
-66
-279
117
-267
-170
-50
-250
-89
-422
87
125
-205
-54
-161
-58
-152
-156
-101
-109
182
223
-65
52
-72
-56
-150
51
-366
-238
52
136
-110
-190
59
-750
-85
-244
-80
-226
-106
-54
-108
-154
56
94
104
170
-131
-57
-90
-91
121
152
-98
-295
-186
136
101
-61
-62
154
-134
50
-104
116
53
147
-57
-233
59
96
-102
-89
-71
89
64
-205
61
-66
88
-167
77
54
-195
71
-77
-347
65
75
108
-54
-141
-196
76
-252
-80
-203
-72
67
74
-314
-58
57
-175
86
-119
-69
86
-54
52
-61
144
120
66
205
145
-73
-126
51
-114
212
152
83
-85
-91
125
-136
379
192
139
-182
53
-575
-64
-50
-168
110
-50
155
-185
-55
59
-266
119
88
-58
-324
74
149
-57
-68
59
-418
-60
79
-240
-64
-96
-158
-284
-442
-63
65
-131
-504
-243
-170
-225
-54
-143
-92
64
-62
-345
158
-167
-272
128
85
-68
164
-92
-227
-107
82
-318
127
124
-62
-94
193
-255
-153
-96
86
54
-239
54
146
153
-183
-52
-52
56
53
73
-179
68
95
-263
-255
-245
59
-82
-50
-122
-152
141
-253
78
99
-98
-63
156
-70
82
-265
-243
-329
-288
52
126
57
-94
139
100
-552
53
-102
179
-263
-60
-104
97
86
-91
51
-72
138
-66
-155
-263
-50
-245
82
76
-104
178
63
53
-123
64
-246
-54
103
142
61
-61
77
-264
-257
-239
-308
-354
116
-244
-193
73
142
-51
74
-246
-132
-319
109
180
-178
-64
-69
-90
77
57
-153
-54
-254
75
52
-146
-51
-243
-80
80
-639
94
63
-98
106
118
-51
-446
70
174
51
-51
-68
-191
-217
61
147
176
62
70
72
-280
117
189
55
55
-51
-617
91
51
173
65
109
-58
57
77
154
-166
-56
-52
111
87
56
51
72
-55
-268
109
122
86
-176
151
-172
-51
-133
-52
-280
-279
-153
103
72
50
120
-498
-54
-103
-66
-90
70
-93
71
-102
-58
-96
-120
50
122
-73
62
-50
63
111
-195
-242
-277
67
-309
-259
-78
-104
85
147
59
-372
99
-50
-262
-57
-203
64
160
-78
-81
-503
-52
80
-62
64
171
-303
-60
-70
204
-56
127
-76
-177
179
149
-114
94
146
-253
-139
51
-100
-246
81
55
-69
50
69
144
100
-57
-344
112
-140
59
-64
-239
-52
151
-174
-131
-357
-397
-92
-257
-56
-251
55
107
62
-50
178
57
100
55
-373
73
-404
61
-93
-253
91
-54
-96
-84
161
-109
-245
-247
68
-452
-51
120
96
-137
-163
-80
-237
77
-234
-107
-103
133
85
112
-64
164
-238
145
-187
87
-131
-275
-282
-435
-86
-222
106
106
-240
65
111
-176
-96
-255
56
109
-252
108
84
53
-122
-95
-74
97
-66
-276
-277
107
126
76
82
117
-294
-228
214
-105
57
-225
109
58
75
-60
56
-211
-235
-324
60
-50
105
-222
-270
-54
-97
165
51
53
-91
-302
108
-122
56
-233
-60
-280
-388
-81
64
110
-68
-177
-119
68
-128
-177
63
296
141
-57
-296
-283
-66
-64
93
-162
-90
-79
66
-413
-193
-97
-72
52
-65
-56
-119
-151
-100
-53
206
-161
186
69
-208
-434
-153
-190
-688
-361
-58
56
81
-60
113
-136
-62
-115
-52
-88
65
-380
-64
109
-148
-108
-190
-52
-128
-173
-169
-80
-88
146
-61
-50
99
-60
145
-98
-90
-182
-316
-72
66
-130
-83
-263
-59
-100
67
-89
-314
222
-179
-121
-204
-76
-65
-396
-425
-81
-106
72
109
64
-238
-107
120
-50
-170
-62
50
-62
-214
-106
-84
-112
-288
-85
-172
-132
-345
-67
100
-292
-66
104
-142
-141
-251
-174
-163
-149
-349
-67
120
79
-340
-173
50
-270
-90
-65
-164
52
-75
186
82
-431
-135
120
56
-123
-377
-333
-50
-215
417
-112
-256
-62
-101
-110
-497
-88
-69
-108
68
-53
-78
-317
-59
-367
125
154
236
-271
149
-93
-69
82
90
52
-60
-89
-52
114
-328
174
-76
-52
-69
-97
118
-228
-112
-79
77
90
-57
74
-67
91
59
-58
72
-259
57
-90
-100
-58
-54
-54
-61
128
-60
94
-50
-50
-257
-247
50
-293
-52
131
-226
-202
-256
73
-258
-106
79
-71
61
-194
-446
-50
150
-201
-59
-289
114
77
-86
-131
-61
-173
-246
-138
63
85
176
-244
56
-167
182
-221
169
-288
-668
-114
-71
-216
67
-199
-100
-60
51
59
-61
67
-64
-264
65
55
84
-242
-82
-133
141
-251
60
-56
71
-79
-53
-249
53
-102
-85
61
-63
111
-52
-108
56
-177
-58
66
-110
-489
66
132
106
-52
57
-341
-99
-60
57
-241
-96
-101
-195
-54
86
-241
56
-55
69
57
94
61
-256
126
62
-235
-244
159
66
118
-243
57
85
-56
-262
83
-63
-71
169
52
-184
-103
-367
117
72
-203
57
-87
79
-74
65
122
-606
-89
-98
-96
-360
62
-61
-186
-54
-174
73
-100
-243
174
-271
-319
-240
156
-234
62
168
-610
-406
70
58
-530
86
-56
63
52
58
-57
-54
91
173
-110
85
-61
-52
-108
70
-78
-54
-52
-95
-54
-58
77
-245
77
-119
-217
-171
110
57
56
-103
-70
71
50
82
-424
-51
-284
60
52
-52
-105
-112
69
100
-257
-55
77
-251
-71
-91
161
-114
75
61
-58
-568
-86
-70
-80
125
-271
-136
-177
-92
-71
-353
61
-61
58
137
-120
-71
76
-266
63
-378
-69
-505
-192
51
79
-233
-72
-55
-252
90
-57
61
-261
87
-267
-95
107
-53
109
-59
90
-93
-240
-53
84
146
-89
-97
-231
-79
-108
-300
-130
82
-60
143
61
-261
-386
85
-84
-248
182
58
80
72
-117
98
63
-63
128
133
51
-253
-50
151
135
68
130
-50
189
-307
60
84
-76
-233
-123
-68
-60
-58
89
-261
-240
60
148
-96
57
107
105
51
-254
-76
-66
-53
-62
111
118
66
99
107
87
-604
-59
94
-51
55
161
-288
-256
114
-201
75
142
-307
-292
52
69
-109
61
80
-77
97
-190
-58
-54
161
-341
125
119
-211
-240
54
80
146
-54
-244
131
-54
84
-168
-60
-54
-99
-244
-415
-74
-57
64
105
-239
-645
-61
-129
113
-241
-56
-507
-114
179
81
106
134
76
186
-75
60
153
-122
-76
-248
-244
-52
99
-75
92
108
175
68
-652
-79
67
51
143
65
58
79
123
-62
85
-179
-122
-57
78
51
77
-202
-249
-243
-248
-162
181
-63
-63
-281
-436
54
-180
-51
-493
-61
-174
-210
-141
-257
-160
53
-253
-249
80
-270
-110
66
51
-252
-50
-248
-154
-267
-82
-218
-94
-82
62
-288
-92
73
60
-256
-81
-55
-316
61
182
-75
-69
174
141
82
-184
-63
77
192
-76
53
66
58
-255
-324
-309
-370
-323
56
111
-65
-242
185
-314
-246
94
166
-266
-213
-131
154
56
54
-52
55
88
-71
-89
184
-247
52
-226
-56
89
-235
-145
-50
-112
-73
-122
81
77
-99
-80
-635
-422
68
-377
50
-75
68
76
-104
146
-143
107
-66
165
-164
-266
-107
-66
118
-253
62
-60
-250
-157
-427
66
-136
63
-89
-138
-231
-264
-128
92
68
120
-69
-180
-50
53
105
-56
128
-138
-71
-88
212
-261
71
-109
87
-190
-129
-72
-63
-96
67
65
-66
-231
80
-74
118
105
82
53
70
-50
-203
-50
-65
261
201
-183
71
-150
107
-434
-292
103
-52
-68
-212
-66
-207
-52
-58
-243
-373
55
80
-271
-183
84
79
108
-62
-101
-75
-56
123
-66
-111
-105
-131
-161
84
-103
68
129
91
-70
-98
-76
-71
-68
101
-102
-324
-278
-72
-59
54
105
-60
-93
-66
-60
-132
-55
-120
-122
-65
-102
-68
-244
-77
65
-87
290
-121
-536
-96
-134
-73
143
-66
146
-101
-82
-186
52
100
-116
95
95
91
153
-162
-90
-57
-55
65
100
-192
-313
-125
-63
-259
-126
-133
-98
69
-68
-235
71
89
-129
-94
55
59
130
89
-160
-59
89
-157
50
58
109
-188
103
-204
-172
-125
-157
-433
-116
-51
60
166
-82
-71
-50
-872
-83
-56
-88
94
-55
-112
-152
-55
-235
-106
-153
57
-134
-224
84
-123
-58
77
83
-58
187
73
-90
50
-505
-235
-64
117
-137
-107
-210
89
-247
-209
-378
-134
-214
-84
-85
-52
-52
-372
-152
-58
-283
-55
-248
-88
-344
62
-264
-90
-52
-272
-72
-58
59
51
164
61
92
-184
-178
-53
-54
50
-73
-247
-155
-63
-171
-229
-70
-389
-67
-86
-81
-243
-248
-80
-114
-93
-64
-253
-227
-100
-99
-117
-54
-67
117
-128
-117
-56
-165
-156
55
-56
-94
-50
86
56
59
57
-107
-267
-253
109
-58
-101
-196
-229
-402
-57
73
-110
-264
-300
-139
-230
-149
-132
-316
-278
-91
-60
118
-205
-54
78
121
187
-245
67
71
-227
72
70
-52
-90
75
-227
-726
61
122
-69
112
60
61
52
-62
101
-272
61
69
154
-57
-192
51
-164
-244
-321
62
-238
181
-75
-141
77
-210
-261
-75
-174
69
96
131
-126
52
-268
66
57
68
103
-194
94
196
-78
-89
-55
-309
80
-247
123
76
51
-60
-73
-245
-68
60
51
-245
130
-56
-64
-220
82
-56
95
-50
-120
56
-273
97
-492
-56
65
-281
-101
-260
63
141
-137
107
169
-55
-241
-272
-187
-73
61
121
-156
-210
127
182
96
-276
-392
55
-490
67
-288
58
-267
-54
-54
-81
86
60
75
-311
-381
123
-220
-55
-224
-245
-245
-243
-178
76
-244
-67
-50
-271
104
-107
67
-312
63
-252
-50
117
-58
68
-78
-180
-73
-106
118
194
-81
55
-151
-78
99
152
56
-354
63
-117
-225
57
-194
80
63
124
-58
-56
-289
-182
-80
-68
-105
-245
-349
64
-150
69
50
-50
-140
-53
153
66
-265
-64
111
72
-246
-54
50
89
-246
70
-243
-244
94
-242
67
-64
-304
153
61
-243
139
-82
-247
166
57
-67
-54
74
131
-91
-72
-466
105
81
139
-252
110
-507
335
183
-195
-69
59
-240
-118
94
51
-58
-257
-307
-126
63
-187
-147
61
-117
-296
65
86
188
-249
-100
-137
-246
-117
58
-223
-266
-62
-56
133
-87
86
-80
-264
-54
-322
-60
-88
-259
-50
-278
78
-255
-73
73
-50
-208
-206
75
93
60
-239
106
79
134
138
-242
-82
59
73
98
-54
72
-80
-333
-241
-331
-253
-92
-123
-302
-126
-245
-56
-56
114
-64
74
-392
-51
-78
-62
-51
-254
-352
70
78
58
100
-596
-91
-86
-123
-84
55
-151
-63
-831
-232
145
-333
-253
63
-180
-81
-50
53
50
-58
120
-130
-224
-311
-183
-240
-300
67
62
186
-72
-53
-258
-54
-63
86
121
147
54
56
64
55
-253
59
-297
63
-255
83
-72
-241
-249
55
-55
-112
-88
-104
-75
52
70
-78
-51
-74
-82
-98
-320
-54
159
-109
106
-86
-291
-146
97
-102
-259
93
-514
-251
-307
-113
-90
-96
-243
65
-56
-238
-561
-263
148
-76
115
-142
-162
-401
102
147
-54
100
134
-61
60
169
62
-185
96
77
-263
61
188
-340
-308
-237
-218
-212
148
108
-256
-324
-84
-96
-245
-185
-136
-136
-109
-98
116
172
139
-117
-192
-52
-356
-53
69
68
-60
-56
-180
93
-143
-99
97
55
-78
-96
-258
-250
212
-119
-75
-66
73
-82
64
-74
-179
187
81
-115
-299
-242
101
60
-244
-76
-66
72
-85
-52
-75
57
-100
-68
-159
-252
-134
109
-269
-240
-204
59
71
-67
-121
-63
-104
107
-238
-273
80
53
-81
108
88
60
86
-75
-68
-53
-357
-80
60
-131
95
-121
137
56
-87
-142
-66
-71
-151
-118
-463
52
-56
274
77
-343
-179
-122
-106
-151
110
-200
111
-115
-55
-216
88
56
70
149
-58
-154
-115
-100
67
57
-235
-130
74
-787
55
-50
-64
-122
107
85
80
-132
55
188
-51
-86
-54
-200
-183
-70
-134
-72
-96
-53
-62
88
309
146
145
-117
-432
91
122
-58
-99
-62
-55
-77
-118
-121
54
-225
58
-84
88
-54
145
-631
-224
-80
-141
-197
-121
104
-170
87
-152
-93
-54
170
-55
-79
-54
-56
61
-340
-75
159
-98
150
-80
106
-246
217
94
-100
50
-50
163
-78
-327
-104
-240
-171
-160
-51
-123
-50
-254
70
111
-55
-132
-120
157
106
-533
-222
73
69
113
-298
-100
-154
129
-71
97
-325
-376
-333
-307
-74
108
-191
-200
-363
101
-182
-131
60
-54
-190
-161
51
-92
-54
64
134
-56
-299
-52
51
-57
183
-102
100
-94
-97
99
-243
65
-68
52
-319
150
-100
-52
-79
-50
-79
139
53
-54
-252
86
64
135
73
98
-102
-256
52
103
-78
81
93
83
-66
-337
-112
-252
-99
-198
-109
92
-96
-454
-61
-70
-162
-261
-120
54
-54
108
-52
75
115
-170
-82
-257
-177
-447
-105
146
-64
-52
-259
62
88
56
79
76
-88
-50
-58
-73
-101
-259
-55
-270
-100
83
-103
-180
-306
95
-62
52
59
-106
-242
65
69
-293
-257
-53
-68
143
-79
-138
-304
159
74
-261
-243
-94
81
164
58
-72
54
-242
-66
57
-242
-102
-130
113
-204
-243
-255
95
-133
-66
-240
-281
-51
-244
-249
121
-223
-53
-123
191
-106
188
-166
-75
-362
133
54
-54
98
-158
-87
-267
-373
-50
-167
-67
85
61
55
78
-242
57
188
-57
-223
-321
-50
-195
-256
-80
-114
-50
54
92
84
85
-222
-182
-174
-137
-238
90
-57
130
51
-70
-132
-53
-178
-68
-163
77
124
-59
-76
-54
-68
59
53
-458
53
163
56
61
-247
144
216
-252
-62
-72
-127
82
108
-108
-51
-141
-55
-118
-66
-80
-253
94
-53
-50
50
-90
-87
-339
-218
-536
-51
-309
-151
-396
169
111
119
62
-168
56
-244
134
-54
52
77
-242
-243
98
-239
-55
-161
-656
92
-55
-55
-112
88
54
83
71
56
-323
183
63
-336
-248
51
-244
93
113
86
116
116
-83
67
-256
-64
-200
-59
61
-229
-146
-256
63
-109
-111
-60
-88
-59
-357
84
-254
-272
-259
-62
60
-332
93
69
68
74
-123
126
52
-52
-262
111
-122
-264
-244
-88
62
88
-61
71
-150
-304
-141
-98
82
-97
153
65
54
51
-107
60
-90
-209
-56
93
-337
154
-134
-149
-246
63
-60
-277
114
51
51
-111
-86
-220
-96
66
92
50
-129
69
94
-260
-64
80
58
-241
-78
79
139
-52
69
58
-64
-160
-138
51
-82
-207
-64
-161
-242
-231
-57
70
-395
-72
167
152
-68
-193
52
-138
112
59
86
160
63
-95
-69
112
185
-252
51
-83
-72
85
-402
-188
-442
183
96
86
-62
124
121
-71
-79
-60
-62
-58
192
167
-54
-335
333
-321
-59
-56
-187
55
-106
136
-84
-235
-67
66
-81
-86
103
-270
57
56
-56
-62
122
55
-507
63
85
-128
-122
320
449
-59
56
93
-118
-129
-64
-190
-169
-143
69
90
77
62
-97
154
-99
-318
56
-91
-578
-331
190
-183
-62
-103
136
-280
72
-50
-53
-436
-238
-202
-61
101
-51
123
95
75
-169
-94
163
61
-80
-308
-117
-256
-93
66
-268
-66
-73
178
-183
154
172
-83
-150
64
-80
50
50
-431
-70
-107
91
70
-74
-90
66
58
-55
-230
-680
84
-109
-254
107
-106
-258
81
162
-63
74
197
52
-90
-171
-237
-254
159
-283
116
104
-74
-299
-109
64
-50
-133
163
-74
-51
-98
-100
64
-243
-251
-251
144
146
120
98
97
161
-153
-232
87
64
53
118
-135
-54
53
-153
-54
-257
194
108
-56
-52
119
-61
-242
51
-155
-68
-246
-408
-239
108
-243
52
-91
63
74
146
-67
-166
-50
-352
67
61
51
-257
-81
-160
153
76
-107
-367
-68
148
-268
-55
-86
61
-143
-319
61
-83
77
62
-100
-137
-263
67
73
106
-58
-50
-79
-235
94
-53
76
-54
-102
-286
-134
-78
-207
-680
-50
-167
-61
-65
-241
-137
51
-132
56
-239
-56
60
56
-54
129
-76
-88
-103
65
58
190
-266
56
122
-121
-84
94
-158
-102
-111
92
-320
89
67
88
-204
-64
-85
70
-101
-50
-247
-241
53
-290
51
-241
-243
-323
100
174
166
-246
70
77
134
197
167
67
85
55
-453
-55
-58
-56
60
-130
60
114
-58
65
-135
59
96
-54
-88
50
-104
-50
-334
-190
-99
108
112
133
-85
-53
-54
-482
-82
-63
-110
-86
-77
-94
-61
-260
-53
79
-239
154
72
64
85
-50
98
-298
-56
63
-326
189
-51
74
87
-178
-83
-183
-68
142
59
-78
-150
53
-308
-70
164
-117
-59
-106
77
50
-254
61
-145
-243
69
-596
185
103
-281
-113
177
-493
-62
97
-241
-176
131
-568
-69
-136
-135
101
-82
-55
-80
51
-256
-377
51
-362
-219
-307
122
126
-90
60
118
-183
189
160
-53
-57
-245
50
-167
-106
56
59
-91
94
109
-165
85
75
-137
-50
-101
-221
-109
77
-169
59
-261
86
-259
-122
237
-61
-83
-57
-556
-246
-52
-82
51
-50
-64
84
72
122
-83
-246
-234
-138
55
-163
164
-243
-154
-211
-128
135
-99
-113
69
-183
-205
-66
-113
-220
109
-73
-50
100
-104
92
-62
70
-58
-242
-52
59
-229
84
65
203
-61
92
98
-75
-68
-247
69
-70
85
190
-52
-314
103
176
-160
-109
-70
-256
-243
-244
-521
55
-272
75
-241
116
58
-229
-83
-53
-181
-161
-94
78
-232
-271
-70
86
54
-145
-55
-251
94
68
-62
73
-374
-273
-62
105
76
-64
-57
-397
-569
-94
-382
198
-155
97
-55
-239
148
-241
68
67
122
210
-185
93
-51
-166
-96
74
75
-50
-50
-193
85
-75
-52
142
104
-417
53
137
-88
-50
-54
-206
-56
109
-385
161
68
-84
-252
-50
-112
-58
-53
-148
-56
-184
-87
212
-159
-238
-54
-153
-54
-301
-147
-52
-148
-86
58
-292
-246
57
-358
-166
-134
-144
-66
-103
55
74
-60
-290
-161
80
113
70
-130
-96
-133
51
-52
-75
-69
67
-303
-143
51
91
62
-237
-258
-68
-484
-108
-76
93
-342
186
-154
-217
78
-66
-50
-217
-50
249
-121
-141
-109
-74
-175
-218
-227
-177
-60
-358
-55
-113
-96
-112
-82
108
118
75
126
-83
-56
-63
-235
-193
-191
-52
-57
88
59
63
-195
76
-68
-319
-242
67
-196
-243
-296
-213
-127
172
-209
-164
59
-73
-92
-82
64
-121
-199
-50
93
54
67
-293
-82
-72
80
89
-129
-214
-262
-158
-51
-86
117
-64
51
-69
-92
-94
-53
71
-58
89
-50
-97
-141
-268
-68
-101
-65
110
86
76
93
-280
67
65
-50
170
52
-79
75
58
-104
85
-68
67
-100
85
134
-100
94
-244
-161
-312
123
-61
84
68
61
87
-52
-53
-60
-254
-87
118
176
-250
129
-51
-60
-75
-152
-194
-118
-244
89
-84
67
-418
-52
-244
104
-81
146
-387
-321
55
-170
-61
-56
-99
-50
-80
-53
92
-78
126
-184
-158
78
50
-52
200
-215
91
95
-241
97
-182
82
-178
-250
-94
57
-276
-175
-533
-78
-260
-72
-257
53
-121
-55
52
-77
75
-245
61
126
-191
-51
154
61
-65
55
-169
-245
-249
-102
-280
-126
-64
-237
95
100
75
112
50
-74
109
142
-189
-207
-113
-62
71
160
52
-146
-64
74
56
-52
65
-246
-244
62
143
-84
73
-258
-268
-66
-51
-53
87
81
-296
68
-164
-118
-249
-96
-52
-94
-84
-129
-268
61
-246
131
-238
-264
119
-62
-70
-259
-56
80
125
-102
-288
69
-207
-50
-52
114
106
-111
-176
-51
-123
-57
-118
-57
70
-74
-283
-80
125
-75
115
56
110
106
52
137
-126
-69
-242
86
54
-107
57
-251
-63
-111
-58
127
-60
-263
-64
-366
-242
-278
-239
-254
-247
57
-52
-134
-311
-87
50
-177
-56
-106
-51
-174
-250
55
78
-58
-66
67
53
-66
-94
-230
-124
-51
-168
211
122
118
-261
-110
-243
-55
199
70
93
-98
120
-52
-261
-234
-55
-394
-64
-255
-244
50
144
-226
114
61
55
-241
-66
118
-247
84
-157
57
-236
-164
181
-130
-74
-105
96
114
-224
50
-209
-59
-128
59
-54
-114
-256
-281
-232
-52
-681
-60
166
97
-308
58
-50
98
-257
-307
-96
-169
81
74
-104
-228
-89
69
-106
133
137
-244
-226
-51
83
130
163
-245
70
85
86
81
160
95
-288
-241
93
-57
-252
-102
85
-69
64
106
-53
-54
-74
55
118
68
-497
54
-85
-63
54
-62
-94
-96
185
176
89
89
-177
-257
64
-140
-189
-188
98
-226
57
-163
161
57
-64
-178
-82
-285
-223
-132
50
-125
153
89
-51
-188
-55
-462
-112
-248
-101
-248
160
-145
75
-359
50
-67
79
100
-69
137
53
-100
51
-61
-57
80
-236
51
-245
-236
-88
-233
-218
96
-104
-100
-82
-50
-77
-189
54
-57
-295
-90
-103
-215
61
-86
-106
-50
148
110
-68
101
-50
-85
64
-195
150
115
-168
-312
-110
-318
-109
279
-110
-112
92
133
-56
74
-154
184
-177
-76
-183
-120
-54
104
-213
208
123
-347
-101
-120
-165
51
-319
-346
-267
115
-247
-118
-259
-253
-74
-283
-96
-51
163
54
-103
52
70
-91
58
80
-134
-169
-115
-331
-276
-100
173
-207
61
-240
94
-84
-222
-213
-55
-476
-84
102
-54
54
-155
-55
-52
-67
58
-80
-337
-431
220
-326
58
-185
73
-52
53
-50
-244
-100
-154
-383
-315
86
66
-204
96
118
74
-369
-259
-247
-69
-217
-69
-68
-135
115
-148
188
-80
171
52
-75
-52
-240
-78
-254
-287
76
-68
102
-321
-109
-172
-233
-84
-464
116
-240
-58
-138
141
185
54
-102
102
-504
-241
59
-328
-466
157
-163
-267
-402
-59
69
-59
-57
-62
-115
-110
-56
112
55
-56
-126
95
-65
52
99
100
-104
159
-242
-51
173
-450
-60
118
-195
96
72
141
79
147
54
-80
-211
-53
-52
-54
104
-299
-196
-297
62
-62
-197
50
-86
67
-478
-81
-68
113
-306
-212
95
-58
-57
-152
-277
-612
131
60
-433
55
56
-240
152
112
80
-51
110
-92
-68
124
-54
-142
-50
154
-84
82
-170
70
-127
140
-56
-276
52
-398
-58
134
-267
-218
69
-93
-181
51
159
-202
154
-283
99
63
-451
61
102
78
75
-389
-130
80
-66
-247
-536
-322
71
-244
-51
-77
-242
-243
80
71
125
84
-246
-74
-53
81
89
-91
-150
-60
90
66
-107
-295
107
60
87
-264
65
167
-54
-71
-51
77
72
50
-605
92
59
77
-55
89
85
52
-303
-96
-294
-252
-65
56
-69
-59
-80
-137
-326
53
-69
162
-50
-375
50
-143
-140
-241
122
-68
93
63
-97
149
-132
65
102
91
174
-63
-68
160
-250
-178
-72
-73
-254
-63
-358
188
-188
375
58
-252
53
88
-459
-243
-76
83
-187
169
-86
89
-265
-271
78
-244
-76
85
-292
64
-221
90
-451
-104
-247
-65
-102
-51
60
84
-188
95
-150
106
-59
-64
-66
-375
71
-79
-82
-241
57
61
56
53
-50
-247
-151
88
116
129
-241
55
83
-377
-236
-90
98
-268
-54
-239
-201
67
-246
58
-92
100
50
-247
94
147
-50
161
-363
-347
-77
-51
-94
82
-58
-61
51
-62
-54
145
88
51
99
-73
-157
62
67
-52
52
-54
199
56
-189
-64
-59
-100
-204
51
-95
112
69
-200
-111
-318
-164
-279
-250
84
-50
-220
74
54
78
-173
-81
-68
162
-62
-318
-199
-52
59
-122
-190
-102
-96
129
-103
96
-53
-236
-302
-192
124
-56
190
-89
-66
121
106
-136
133
151
-54
53
58
104
-228
88
54
-78
-130
-52
-249
136
-65
-215
84
-77
63
-78
-112
71
71
-78
-77
54
57
-216
-56
60
-62
-392
51
-141
-112
61
-50
-89
-212
104
-65
-195
96
-135
110
51
-111
-100
-76
-241
-190
-105
-51
-52
-76
-240
-388
-53
64
-71
134
-68
-57
-156
-54
82
-68
62
-135
80
-256
55
55
-180
-66
88
-88
98
109
-93
77
-107
53
-153
90
-53
-55
70
69
60
-94
-78
-205
86
109
-52
-196
-84
-159
-131
-165
-203
146
-516
83
-129
-93
87
-104
62
-294
-675
-256
-241
-100
108
-151
-151
-580
-60
-62
-253
-286
-84
-84
-84
-71
50
-574
-510
-124
143
110
-133
-323
-110
-78
-194
-63
-188
54
-129
169
55
-104
-233
81
-134
-227
103
-70
96
108
-88
-57
69
-107
61
-239
-51
162
78
-211
-60
184
116
-537
-68
-55
69
-88
-124
84
97
-60
179
-51
96
-117
77
301
90
119
-249
52
-88
111
-436
-74
-90
120
67
91
-231
161
-162
-76
121
-100
-110
92
97
-54
95
-62
83
-379
-57
53
65
56
-138
63
-423
-57
-81
181
-144
107
-173
-64
67
57
-147
-98
-114
-185
-240
-227
62
-68
72
60
-236
159
-61
-135
-239
-74
-75
138
-118
-50
-69
193
-109
-278
177
-70
-392
-60
-57
-100
-225
-242
-60
-87
55
143
-242
75
-134
101
93
74
113
-149
-69
-71
-258
-208
129
168
-50
69
-352
85
-242
-87
-60
-323
68
-52
71
75
-246
52
-238
-90
-55
-210
-202
-475
-481
78
52
-50
86
69
-316
-194
-311
-134
125
158
-99
-216
-184
91
-474
60
146
-78
-72
-140
-60
58
-69
-532
117
50
-51
-50
-65
-178
72
-143
-256
-120
53
189
-211
-253
-68
52
-257
-74
-97
-82
-136
51
92
-151
75
-54
-294
52
-250
-243
69
-171
-54
87
-285
-148
50
-102
69
53
-266
62
153
-147
181
61
-256
63
73
-54
-143
-51
78
-66
79
149
-54
62
79
59
105
-167
141
-244
60
71
-360
81
-50
91
180
110
-142
-282
-246
-570
-261
-50
-179
-386
52
-280
-274
-186
-58
-256
77
-85
-67
92
-106
-121
186
-105
66
52
-50
84
-252
-239
-271
-257
74
67
52
-200
-246
123
98
-247
-56
-88
69
-82
-54
-280
-240
-59
-388
54
-251
-245
60
67
87
-141
-145
-59
-664
51
-95
-250
185
-116
-157
-52
-69
137
68
51
134
67
-82
-70
129
93
-243
-70
-245
-377
-102
-238
217
187
-103
-247
-503
93
-290
113
-691
55
-422
109
-93
-76
80
153
-137
-201
-61
-52
-245
-256
63
-239
-56
-102
84
-252
-156
63
-241
-60
-266
-54
129
-50
180
151
105
-100
73
-239
119
101
116
170
-54
-51
-92
-193
-78
148
-86
-182
-147
-261
109
65
-120
110
-131
-246
-83
-66
57
-64
-307
83
-61
-133
-223
114
-50
-59
-52
-187
83
98
67
123
85
65
-52
-92
-88
-78
-352
73
-55
203
-104
-131
-249
65
-256
53
68
-61
-177
52
-54
-175
99
129
-295
-177
-72
86
56
152
120
99
70
-324
70
66
-116
153
-230
-188
-54
124
-110
-88
-289
57
-355
96
-65
142
61
67
-114
-60
63
-54
76
-388
75
50
76
66
172
-52
-184
-169
-241
123
-282
-189
-580
-50
-131
72
123
-116
-57
59
168
177
-179
-94
-200
-51
-70
59
-169
-244
151
-121
-771
308
-111
-57
-58
-80
-70
53
-77
82
-307
-306
65
177
-468
-364
-102
61
-221
-96
75
-388
-182
-286
-73
92
-72
-108
-264
-85
-172
70
60
55
-86
149
-170
-115
-114
-269
-174
129
-80
-114
-126
94
-58
-246
64
94
-85
-62
91
98
-65
-223
60
-78
-91
-50
63
157
-53
-57
225
-132
-52
149
-197
-59
-141
-422
-222
76
-244
53
-307
755
-69
-89
-79
-136
-171
-55
-67
-408
-51
54
200
-88
52
-60
-91
60
-90
121
-510
-206
-103
-253
52
-146
157
-182
-149
107
-146
-59
-66
-55
-287
-240
70
58
-54
-248
-56
51
-65
-381
151
69
-67
53
-56
-61
65
81
208
188
68
-112
78
-84
111
92
154
-52
349
127
-222
-797
-56
-201
96
-282
51
-314
-59
-153
56
124
-157
-65
-242
-66
152
-683
78
89
189
-573
-84
-247
68
51
-82
-72
59
92
-201
-433
-56
-260
-424
-86
-60
-81
-64
93
77
-69
-57
-150
-65
-50
82
-61
-235
70
169
-404
-54
-256
-219
-57
92
-191
169
-62
-613
-90
-296
-182
-51
60
-246
-257
86
98
-236
72
-78
-67
-199
-299
-52
-58
120
-181
-433
164
62
-77
110
-50
-79
80
-248
-258
-97
-157
-237
140
68
-93
76
68
-319
-478
82
73
-393
109
-168
70
-130
92
52
59
-191
-129
61
-243
-378
-83
-376
58
-141
-66
-251
-253
-309
-118
159
-50
-87
68
-400
-172
-406
-154
-77
-185
78
-267
-169
57
-50
-58
-70
-167
-70
-92
-138
-177
53
-154
-141
61
-94
59
120
-235
-51
180
62
94
-85
-225
-76
64
-53
-406
-273
74
-279
-54
-60
-220
-325
-56
-215
155
300
181
-185
-99
57
-161
74
114
66
62
-179
94
-215
-60
-131
-112
-309
65
118
72
-441
-171
-82
66
-141
-217
-164
-94
-96
-148
59
116
-416
-52
140
-172
-64
-57
-50
-244
-85
-258
-52
87
91
-57
98
173
-195
-267
-243
80
146
56
139
-104
126
-223
-133
-96
53
-75
-128
52
-263
-107
-58
-232
78
65
62
53
68
-451
62
61
-95
-519
108
94
-250
136
-59
140
106
-79
-138
130
-219
-55
-85
-117
71
-139
104
-60
-69
-151
140
99
-81
-164
-66
-511
-174
-179
-109
-71
-75
-120
62
63
56
68
69
-66
-177
191
-252
-56
59
-81
-293
-242
-143
-57
-58
57
-95
108
-89
129
211
-292
-66
88
-241
73
-239
-111
-107
60
94
104
54
-74
-458
-126
-50
-254
-106
60
61
-240
-280
-244
-53
-242
-80
-238
-91
-64
-435
135
145
87
-222
111
-324
60
-239
88
-163
63
-56
83
99
-243
142
51
-54
102
-269
-247
-148
-75
67
-105
-159
78
-73
57
-558
79
173
68
-308
-652
-246
-105
-54
-291
-161
-239
-228
-255
-252
-381
-227
-53
-99
50
-228
-92
-199
83
-138
135
-72
-243
-51
116
-248
64
-243
57
-262
-90
113
69
-104
136
68
83
-50
-63
-85
121
-53
92
-360
-126
72
-257
-338
-55
-131
-50
112
67
-242
-203
-79
-56
-55
58
67
-71
81
-72
95
74
-66
-59
108
168
55
-394
-232
-74
131
-55
-259
122
-99
-86
53
63
63
61
-97
-292
146
-101
85
-52
-69
-91
-110
-70
-240
114
154
-259
-54
-87
59
136
-86
185
84
-372
59
61
-153
-51
-64
64
-211
76
57
-169
-104
-303
52
-55
-54
-225
74
54
-263
-74
157
68
-86
-105
-250
-260
212
114
-53
-67
-143
-149
56
-414
-113
130
-117
-53
-211
-62
-384
102
87
-296
-164
-53
121
-68
52
70
-66
-182
-65
180
-186
-161
69
157
-68
-65
-56
-348
-149
-207
51
168
58
-242
61
-182
106
72
-84
-51
-77
84
-99
197
-253
68
-113
118
-182
230
-60
-109
-234
85
146
52
126
-61
-69
-79
-87
63
109
-76
-241
-91
-53
-56
145
-189
92
-255
106
-96
127
-55
68
-309
-52
143
79
-85
-84
66
-56
103
87
-92
-132
66
-236
50
68
-247
-94
-111
-273
50
-250
-76
-65
-54
-50
-257
-52
-256
74
-84
-104
63
-127
106
-140
-111
-315
75
-139
106
-82
-142
-145
-189
95
-149
-319
65
115
98
111
-335
-158
-148
57
-52
-147
-86
68
-225
-146
105
-240
-248
-316
137
-102
-243
155
-52
114
-218
-443
-267
81
-85
-222
-53
-303
-67
-98
-59
-155
91
-62
60
-86
-178
86
-309
-116
69
-87
-52
-129
106
-113
-98
72
78
-171
-201
-391
-255
135
-71
-526
-239
70
54
-57
103
-60
71
-81
59
-244
94
58
53
-58
69
-250
-287
62
119
79
-321
55
-256
-63
-195
-246
-74
-102
77
-183
-51
-196
-54
70
66
-98
-50
172
-241
58
94
128
-228
-153
-79
63
-51
-126
-183
-54
-51
-109
-50
-120
150
52
-243
-246
-165
-85
59
53
-58
-72
66
-614
-118
-117
-50
113
51
81
-50
-79
-91
-371
-96
168
-311
-54
83
112
-92
77
-85
-64
165
-151
-140
-288
-123
-110
-181
380
51
-144
99
198
-156
-127
52
-248
-206
-223
-486
158
-52
84
67
-70
-145
-51
-188
52
80
-142
-136
-111
-65
-92
56
-51
74
130
-148
-50
78
-88
-73
-120
-71
165
-63
110
196
-156
-71
87
-169
55
-61
64
96
-89
76
103
-164
-54
140
-121
-60
-57
-60
204
100
86
-57
52
52
82
-82
-118
-91
-440
59
68
106
-79
109
-184
-132
-109
-104
-275
-138
-58
-406
-52
-84
-72
-149
-58
-124
-76
-147
-50
-72
-53
64
-75
-52
-91
-251
-51
210
-265
52
51
57
-457
51
-244
65
-75
109
-64
-63
-244
168
80
-141
-297
-252
-216
154
130
-117
-56
-100
67
-83
-60
121
-56
52
-62
-189
-223
89
-194
-115
109
-148
64
-305
-70
-326
-285
52
141
128
-116
78
-339
-66
50
135
-102
89
-638
-99
78
-160
-136
-255
131
-332
52
-54
130
52
-258
83
-74
136
-257
-134
-69
-125
80
63
-159
56
146
-310
-58
-75
-257
165
-111
61
-81
52
-273
-250
-62
123
108
-52
60
-50
161
232
-131
-109
-157
-238
-53
-438
90
-58
-130
-120
75
86
69
53
-56
-71
-247
-260
-121
-84
-62
63
64
190
173
56
-146
-54
64
-322
117
-90
-113
-169
63
-52
-56
72
148
-54
-280
137
-70
59
-53
60
57
63
-257
-383
51
-95
60
-127
-75
-75
-64
81
-56
-247
-161
-82
110
94
-359
97
-65
106
-128
-257
-56
116
-240
165
-387
-131
93
68
-63
-85
52
86
86
88
51
71
-159
-59
-239
78
135
-275
-87
-105
-108
-416
54
-406
-252
-120
56
143
156
70
54
-50
-58
108
-62
-378
54
82
154
82
-249
79
-95
-122
-120
-144
58
55
-62
-63
-95
178
-77
57
-268
58
-65
188
-86
-96
-57
55
-198
89
-245
65
52
-307
-245
-247
55
-369
-79
-84
-53
-162
-248
-58
140
-254
101
-103
115
-319
61
-249
-89
60
129
93
-218
72
80
-137
57
-238
-142
-55
-50
-136
59
-290
76
-121
-60
-66
-345
65
-183
81
-100
-311
-222
78
-107
-94
-257
52
188
-79
-300
-72
-130
67
110
52
-60
-121
54
-247
-86
-255
134
51
-255
-62
120
-109
200
-68
198
-246
-267
-102
-55
-282
-62
-321
112
-242
-244
-63
-64
50
69
-78
-130
-52
-54
-53
-54
-76
82
-62
-102
114
53
-132
-166
92
-242
123
-270
52
71
69
-52
-254
-51
53
-105
54
-50
-564
-218
-107
-248
86
-139
85
56
-64
50
202
-243
-182
-253
-68
-254
-147
-196
93
-347
-257
-67
-162
78
80
63
58
120
78
-283
-155
53
-69
-84
-192
59
-75
174
-75
-210
-64
-86
168
-122
-52
163
-62
-98
176
107
-50
-174
-119
-64
-91
-58
142
-389
-244
-298
-224
-202
-373
107
181
110
120
-182
-66
80
104
112
69
-106
-243
-160
120
-109
-457
-152
-131
-174
-121
-225
-52
56
-108
-180
-251
103
66
-50
-349
-59
93
-218
-188
-223
-68
181
-84
85
83
79
-285
-275
-351
-61
-252
91
-74
117
108
55
-186
-264
68
-54
-414
58
127
-53
-50
158
-110
-54
-100
91
-60
176
-56
170
59
-253
-256
62
-198
-229
-96
-56
-73
-60
120
-58
413
-108
95
-88
-80
-60
-50
-132
137
-141
127
-64
127
-65
88
-82
-52
-84
-50
-74
108
129
66
-411
-308
121
87
-91
-73
99
-493
-62
-229
-199
-77
62
-56
-53
-94
57
-133
57
84
-92
-82
-257
131
-188
115
69
-96
111
61
-65
99
-94
-398
-232
-224
-553
61
189
-109
-110
-50
78
-51
-316
-105
-327
-51
-53
57
-130
53
-64
54
-54
-147
-255
-95
-411
-80
-194
101
-91
-104
62
-333
-202
-739
64
-88
-256
60
59
-66
-186
198
-86
51
-90
-102
-92
-85
-60
169
100
-89
-238
-196
68
-129
-50
59
66
-87
-80
-254
-265
-94
52
71
-66
-163
-60
-78
-57
-261
59
150
161
74
76
-256
-78
-384
-81
-294
-337
-59
-139
-78
63
-102
-55
-76
68
83
103
-66
-78
88
130
-54
53
-54
-137
54
-73
127
-88
143
75
-114
-110
189
-590
71
-230
147
98
-269
-224
-50
-89
-201
-180
60
122
-257
192
-99
69
193
-63
-94
74
-254
191
-241
-176
-108
-257
144
-237
-202
-214
56
-60
154
50
-107
-129
-222
194
-266
-62
58
-116
-158
-337
-248
-55
-58
94
-324
-317
-111
-226
-74
56
-257
-105
-240
79
-51
-472
-84
-127
62
-145
-60
-259
-122
60
98
54
58
-93
-137
-62
56
-228
-98
-131
-217
-231
-130
-53
-59
-73
-260
219
-205
-89
54
119
-260
-435
90
57
52
77
-285
-128
95
-95
-105
60
-118
-71
103
-405
-299
-57
62
-115
-322
-222
56
123
-223
-52
-60
-121
-64
108
-270
52
-60
127
98
51
-255
101
-50
-54
194
-72
51
-250
-56
93
144
-199
-223
57
-275
-52
-270
165
-257
-240
130
55
71
-82
-192
-78
-72
-249
51
56
-129
-250
-220
59
-80
99
-252
-99
53
77
-142
-402
-244
87
104
-87
-95
67
-346
83
-136
-53
100
-51
-55
59
118
68
-79
-245
110
-90
-84
-57
-74
57
-121
-262
70
75
-244
83
-85
-120
-285
72
87
82
-52
128
56
-58
-174
-278
-57
-106
64
52
-86
-225
120
-93
-60
-52
-82
-59
-57
-180
65
-76
-211
63
116
-92
-119
68
-229
-182
-94
-251
81
66
56
-173
59
-280
-246
71
179
130
-255
-384
51
115
-52
73
-100
51
-50
50
184
-58
-64
56
-71
-84
71
-242
-312
113
145
67
-96
119
-367
50
-239
-74
-55
-54
-59
88
124
-296
-236
-130
95
-67
114
-253
110
52
66
-111
62
-149
52
-119
-241
-118
-71
-312
-178
-265
-235
-72
-124
-80
-77
54
-78
-50
-53
-197
-246
-240
-72
-252
-54
-376
-84
-234
-244
-99
-53
-340
-251
166
-437
-243
52
-237
-374
71
-282
-58
-438
78
-50
69
-216
-50
109
-68
-307
90
-315
-282
65
-71
222
-69
94
67
68
-73
-75
59
66
-53
56
-183
115
-122
68
-220
-242
173
-326
-197
54
-123
53
-97
-51
-134
-307
-51
159
96
-176
88
-78
85
-244
-58
-97
-126
-135
60
79
60
62
-54
-331
-79
85
159
-366
-255
-144
-302
-134
98
-106
70
-358
-56
135
-173
-514
-281
-66
-65
72
194
-150
51
90
-74
-76
-242
147
-225
-104
110
-64
62
-350
-130
-136
-285
-314
-218
-101
-61
-86
-391
-55
-133
-98
-62
-51
-76
-122
-177
-179
-92
70
52
-228
59
88
-121
77
55
-422
-139
112
-188
-86
-301
64
106
-255
212
158
106
65
126
-259
-440
164
-105
75
-85
53
-61
183
-204
60
67
368
-58
64
103
-120
165
-153
57
-304
-108
-99
112
-251
142
-70
171
-244
-127
-243
-58
-92
126
-83
-116
-170
58
-340
-148
-50
-267
133
175
147
90
-60
-262
95
-203
-189
-331
-285
-54
-61
-466
-142
62
87
164
-137
-168
-315
67
-199
132
-246
-503
77
-126
72
-236
63
-128
-56
-70
63
65
112
69
82
-245
-239
79
50
92
52
-98
53
54
-315
60
-62
-100
-270
-250
-77
-246
-283
-93
-606
106
-246
-66
73
-61
-67
-125
-77
-59
-252
-237
55
129
56
-171
190
-147
152
-187
53
51
-94
175
-74
-69
-246
-197
-55
-63
50
80
-75
-184
60
204
129
296
-244
-243
-79
-61
59
95
-222
75
-139
126
-253
72
-51
-311
-282
-74
134
61
-318
56
-61
137
-256
58
61
-97
-265
244
-239
95
-179
-71
-97
91
-149
-116
-245
-77
-137
-148
-249
133
-52
-80
106
-96
128
-166
133
-246
182
-253
-157
-80
-129
89
61
138
-245
52
-393
-102
95
97
-63
69
-244
92
-141
62
80
-258
167
109
-204
-122
-96
-171
-180
-172
125
-224
90
95
-67
-246
-289
82
-57
111
-132
52
-106
-112
-54
-223
51
-63
85
137
-62
-243
-155
108
-385
103
54
92
199
-57
-134
-109
-61
137
-159
72
52
105
-242
-259
-54
-55
-279
-121
-84
-321
-81
58
-325
169
-169
-84
-126
-105
-476
64
-83
64
66
157
81
105
-71
-79
-105
-93
72
75
-258
-80
-179
-113
-265
84
-52
77
-241
78
65
-55
-71
113
-189
-52
-186
-53
-63
99
62
-340
56
-232
-70
155
-166
-321
189
-243
-65
-273
-131
100
-332
-188
55
87
55
141
-259
-179
-89
-53
-55
-293
-234
-237
-237
79
-146
152
-114
-258
-55
80
-63
84
-271
-245
-221
-58
-173
-168
65
-84
-142
-193
-77
155
-246
-62
-82
-583
-58
-67
84
-75
119
-53
52
-314
-376
122
-99
-340
-54
99
56
101
-120
-154
-257
-131
-71
-259
57
-250
101
-99
-50
-166
-315
-60
86
112
-131
209
134
-327
50
-255
-80
116
-80
59
-341
-58
68
-166
90
-68
-60
59
-91
66
-83
-88
-193
-76
93
-54
-53
109
58
-50
-122
-56
-95
-109
-50
52
-240
-51
-148
129
74
-190
-66
-153
73
66
-144
-102
50
137
-553
-141
-53
-67
-77
112
150
-69
63
157
-188
-80
-56
-63
-223
-85
-128
-150
-162
55
-56
-404
-234
-56
-251
-51
-183
-78
-193
67
-261
-61
63
-80
78
-106
-104
63
107
58
62
-66
-80
-89
-154
-315
