-95
-54
-78
-92
-83
-61
-184
-111
-51
-263
-65
-59
-60
-155
-81
-85
-253
-236
-88
-130
-154
-66
-110
-252
-137
-294
-190
-150
-82
-86
-107
-155
-244
-149
-143
-96
-208
-65
-114
50
70
-70
-108
-278
64
52
139
-50
135
102
-52
165
-340
-139
141
-117
-56
117
51
163
-66
60
66
118
-61
111
-59
54
120
57
100
55
-72
60
-239
-87
-59
182
146
-197
84
-161
-157
-339
-245
-208
58
-55
122
-81
116
-64
148
88
-244
-55
51
96
-307
100
-114
-55
80
-76
58
85
-104
75
-151
71
81
167
-80
-68
-183
120
53
69
-81
-108
101
-120
-201
-235
94
-75
-98
-167
-412
-68
-129
-79
69
-74
-237
-136
-59
-348
103
-97
-167
-54
-317
-246
60
-60
-52
-261
-125
69
52
-64
78
-88
-63
-53
-65
-79
-67
-165
60
57
54
168
-65
-206
-52
128
92
-250
63
106
-227
52
-108
83
-187
64
-64
74
-205
109
-317
-180
-50
-297
-91
-59
-170
-107
94
52
67
85
64
66
152
170
57
69
54
71
88
-64
-123
125
-50
-69
-145
76
123
-248
56
-58
63
120
-89
-102
56
82
-122
108
75
-54
124
-330
-152
101
99
139
-62
55
72
-53
54
-65
161
-272
131
-248
132
-135
-75
-58
122
-210
75
133
-89
55
180
-236
66
60
-134
146
59
-67
-92
-240
70
102
-95
-152
-252
136
-52
-75
-75
61
108
-105
-254
-90
62
-81
-62
54
-221
-85
97
61
-60
-131
-120
-75
-243
-457
67
110
-55
-98
118
-105
-278
51
-221
-54
128
-82
-58
113
107
141
-50
53
-303
102
-175
-478
-331
-73
-54
-246
91
138
90
101
130
67
50
112
-246
91
97
-80
62
188
96
-68
-280
-55
-386
-114
-195
-239
-80
-104
105
53
61
114
-78
60
59
165
-299
-213
-71
-52
102
78
50
197
-69
121
59
75
106
62
-86
53
78
-50
172
50
-269
-174
138
134
81
-77
-51
62
55
102
-314
-54
-242
97
54
-128
57
103
80
-256
-64
67
-143
-200
-83
87
59
109
87
-104
-346
50
99
64
-52
54
56
-118
79
67
-240
-54
-252
-143
77
56
69
-320
73
56
-254
-158
69
114
54
126
-305
-50
-151
-134
108
112
-281
51
50
53
86
-51
55
-60
89
147
68
77
68
-261
138
-50
69
56
-246
-246
-93
-238
-107
60
-55
131
-215
-210
-100
-308
-293
-218
-56
-189
-187
-176
-71
-214
77
-359
70
-270
-70
-81
-63
-279
211
-178
-66
-269
-63
116
-138
-64
-175
167
-373
-85
-94
-115
-60
115
-153
-69
-627
51
-214
-414
-119
-159
-59
-321
64
-271
-68
-123
63
-352
-176
-371
-58
-61
60
-97
-90
152
-109
-129
157
-115
56
-54
-164
-88
65
54
-60
127
-110
168
68
-354
135
100
-257
-350
-244
204
58
116
112
-108
82
59
-139
-257
61
157
182
-101
89
-237
79
101
151
79
-242
-570
-235
-234
-97
121
-64
51
-79
146
-155
-82
102
-395
-396
104
133
-249
108
-70
148
-300
-60
75
131
-52
99
56
71
51
116
181
-287
111
-250
92
90
162
-59
-240
119
-335
88
-50
-331
59
-305
-341
66
-109
96
51
-318
104
109
-50
91
73
82
-209
55
70
-488
50
-443
139
127
-255
62
83
-58
58
96
-53
170
81
121
-191
66
-55
-105
101
54
59
193
-225
-117
56
75
-239
101
-158
78
87
-54
105
77
-54
173
146
51
61
126
-60
51
82
-50
89
61
178
70
145
77
-71
-50
67
69
-51
55
154
-80
85
113
-189
-193
-120
107
-132
130
-89
117
-157
95
-511
-197
-202
70
-51
50
93
55
-60
235
-183
56
74
-60
55
-294
-91
-487
114
-610
-600
-122
51
-52
57
-89
112
81
-185
-218
-282
-89
67
94
89
-254
-50
182
-199
-167
50
71
-392
83
-69
-85
-250
92
-105
58
-192
58
-338
-162
91
151
-514
175
89
64
82
106
81
108
-120
58
-58
57
54
-90
57
-54
-69
-58
-285
94
-168
70
-106
56
96
-72
57
-72
-280
77
74
-52
102
-326
188
90
-76
168
177
-392
-137
-484
-118
88
-102
-575
61
-136
163
68
52
103
79
68
-56
-90
90
-110
-61
-137
-60
96
-364
86
-71
-323
-56
-59
-312
-238
-187
-187
-148
-107
-60
-203
-316
-90
-78
-68
-191
-63
-61
-96
71
-79
-74
-297
-51
-123
-97
-577
-359
-69
-55
71
-52
-237
-109
-401
-399
-108
-55
-202
-119
-142
-79
-64
-64
-334
-293
-193
-247
-55
-346
-413
-252
-66
-241
-73
-56
-83
-113
67
84
-55
-264
59
96
-173
-107
-154
-54
-65
-54
-192
104
-77
84
-86
-74
-135
58
77
-56
-56
66
85
-166
-191
52
89
-51
-200
-77
-51
52
101
111
71
90
-53
69
-54
-74
62
65
63
144
-129
-122
-88
-109
-597
82
89
126
-63
-571
-492
92
123
82
-571
54
98
82
-240
185
95
58
58
-328
153
-94
58
-250
-101
-142
-54
-374
107
-244
72
80
-284
67
62
-51
67
101
-134
124
-142
69
76
-173
78
80
-237
125
-198
-96
102
176
-367
-381
-268
-66
133
-65
-115
-152
-97
-221
-66
-62
-57
-100
-123
-105
68
109
-104
-65
-339
54
-922
55
-184
-58
59
94
-123
150
-51
102
88
-50
-82
67
52
56
144
-81
58
110
-130
54
60
-203
187
-249
-296
64
-65
-263
95
-205
149
-298
-424
105
51
-268
-255
68
-275
51
102
-86
-169
51
-137
64
-102
75
-98
87
-51
-354
156
68
63
-628
-310
-52
-243
-101
68
168
-331
92
124
-58
-53
116
-65
-114
-248
68
76
-249
91
68
-117
60
-56
130
70
61
52
68
59
-132
-55
-126
-77
-309
67
-60
-66
-85
-132
-69
53
-51
-183
-50
95
-92
-57
-91
92
-74
63
94
136
-157
103
81
-57
-103
143
63
71
-126
-107
137
-185
-168
76
105
59
55
-243
-120
-51
-237
-54
-58
67
-114
95
-249
72
56
120
-164
-163
-67
98
51
-560
106
-398
89
-84
-51
73
56
-50
-69
-183
-189
139
-120
104
-126
-117
-78
-269
-67
-52
-72
95
75
-56
-54
-81
-61
66
-93
-275
73
72
53
-242
-53
75
-69
-52
-60
-243
106
103
137
-98
61
-88
62
50
-182
-240
59
98
-240
-245
86
-178
96
62
63
-133
-218
82
60
59
-71
-153
97
-104
-50
114
72
-195
-66
60
84
139
-50
-103
-130
-56
-57
-50
-54
-111
-595
-73
-75
126
209
-108
-220
-99
-165
-534
-59
-332
-89
-69
-417
-408
-547
86
67
-61
74
-77
112
-251
113
152
83
-96
66
77
61
94
79
123
-79
105
315
62
183
81
58
-51
159
73
-77
-301
-90
-102
-236
59
86
-124
74
145
-252
-316
91
57
57
144
-246
61
109
-241
84
80
59
-146
-73
-61
-247
50
-96
90
67
-241
60
84
-60
-59
-52
-245
183
54
-270
131
-94
-126
-181
103
110
68
61
51
62
-80
-241
51
-55
56
-83
-335
-52
-55
53
-60
-492
-88
-140
83
180
-162
112
-63
115
111
89
114
-69
-247
62
-54
50
-90
91
-57
-288
-423
-88
-72
-57
-121
-293
-167
-351
90
-59
-82
56
-83
-59
-61
-261
-208
-285
96
-472
-59
-179
129
-75
82
-68
-101
62
76
-64
-104
-59
-101
-55
-83
-55
83
-148
56
-138
-52
57
-418
-57
86
120
55
126
70
83
55
-149
-244
-65
60
78
121
122
53
90
102
72
-88
117
-81
-52
-147
-204
50
97
174
114
87
72
109
73
97
-269
114
-105
61
-90
68
126
51
-64
-66
-194
-135
-64
-250
69
169
127
166
-200
-60
-95
-375
87
145
-320
103
70
62
160
-109
-245
59
-131
75
-150
181
50
-51
60
58
152
97
-154
-276
-92
-66
-61
-307
-85
-106
-69
-99
-117
108
71
-69
66
52
-100
61
-56
107
76
-147
-61
-150
-84
55
-97
-740
70
-185
-224
88
93
-332
72
74
-296
85
60
-72
51
94
-71
-52
-396
-161
-218
-367
-161
59
-97
-54
-194
-142
-210
-110
-241
-187
-454
-52
58
136
-218
-50
134
-178
-102
96
-230
-93
-58
-82
-58
-193
-95
88
-276
123
-59
152
-260
107
-131
-155
-508
55
64
107
128
-110
-56
59
-54
-311
93
-142
52
56
109
-77
65
-220
67
-58
-100
86
-50
52
144
-148
-182
110
59
119
59
79
-102
-60
164
-595
-60
124
-94
86
53
-82
-573
52
126
100
-64
76
-58
63
-54
142
61
77
-257
-308
116
109
-54
-65
-54
63
53
51
55
122
-66
-154
-277
-424
64
80
127
-253
-257
55
73
-404
120
145
-95
-73
-235
105
-52
68
165
-60
68
-441
-283
-157
-413
-151
-100
-434
-50
-60
-50
-93
-271
88
-267
-96
64
-199
-172
-59
-121
-76
50
-425
-81
89
73
50
-161
-132
-67
-171
-165
-217
-215
-65
-101
-88
-69
-306
-158
82
-69
-53
118
-79
77
-100
-71
61
150
63
-71
59
55
-236
106
-55
-82
60
-241
-102
53
61
66
-244
-348
57
-52
57
85
-71
-362
-145
-367
72
57
79
-248
-96
-360
-53
-61
-229
-188
-57
73
168
86
63
-78
-58
-257
-259
98
-75
-68
-169
79
-233
90
107
128
51
-253
151
60
-51
-220
-51
-65
111
107
87
94
75
142
161
-256
119
-211
63
54
-54
-168
105
63
113
133
177
-54
-267
79
108
175
68
65
58
79
-221
-62
78
51
-56
66
58
-51
185
-246
-138
-97
-266
81
77
50
76
146
66
63
-55
128
71
104
70
-63
-55
108
-233
96
84
-68
101
95
-62
-489
-133
-98
-157
109
-74
-50
-54
59
-54
-50
60
-51
-469
-152
-90
-98
59
61
-64
-455
-56
-75
127
-175
59
-192
-86
67
70
-112
-164
62
-133
77
-174
131
-126
52
66
103
-77
-65
-55
-247
123
76
-380
51
-245
-68
51
-245
130
-249
97
121
182
96
-54
-54
-311
-99
-245
76
-74
68
-81
56
-354
57
80
124
184
66
-55
89
70
94
139
56
74
-64
-50
-105
-91
-259
81
139
-169
110
94
86
-88
-129
-177
-287
-50
-278
106
73
-239
106
-145
72
-238
-342
-50
-56
-52
-57
70
78
68
-73
-253
63
-188
-207
119
67
62
186
87
-254
60
-260
63
-74
-57
-56
70
-98
-65
-238
115
-142
147
169
139
69
-66
-447
-75
-129
-75
-114
60
72
109
-85
-364
85
-68
-53
64
77
-61
-72
-142
-66
-66
-118
-55
-79
-179
-122
-106
-128
-130
-787
-63
129
122
-253
-55
-93
-118
-80
-59
-84
-235
-174
-114
-407
-237
-197
-422
-55
-239
-160
-533
87
-154
129
97
-74
-109
-191
51
64
-52
139
-160
93
92
-226
-52
-233
113
56
-83
69
-93
159
81
54
52
57
-242
-102
113
-243
-51
121
54
-57
92
84
-203
-442
-70
-117
63
53
-67
-103
86
-55
-118
-66
-244
-339
96
84
73
-259
-62
60
69
-149
74
58
126
52
-81
107
-66
78
139
86
63
85
-442
-64
121
-190
192
167
-54
-321
-246
-61
-187
-520
-104
-106
-67
-86
-62
56
-235
134
-129
67
-190
-169
-143
62
-58
-91
-242
-331
190
-62
138
-194
-61
123
-72
-76
-278
-334
-223
-121
154
64
50
50
-239
-93
-53
70
-74
-90
66
-53
-230
84
-561
74
-59
-52
-171
-74
54
-60
-56
64
120
97
161
87
64
53
-238
-87
61
51
153
-367
148
-55
57
65
-58
94
76
-273
-59
-80
60
56
-183
-217
190
56
122
92
67
64
-50
-129
-143
197
-57
167
60
114
96
112
64
85
-298
-57
63
87
-54
-106
-103
77
50
-64
69
-304
-239
-81
131
-290
118
94
85
-63
143
58
-56
-53
85
122
55
109
92
168
84
65
-97
69
85
53
-193
-83
67
-68
209
-51
-54
-206
-72
-52
58
-206
-50
60
-56
56
-111
-87
-135
-97
-358
-55
-63
-209
-54
50
-172
-164
59
-269
71
89
86
76
-305
170
-62
-207
57
-222
-204
-61
-315
68
-74
118
-81
146
-61
-53
92
126
78
91
-61
-533
-257
55
152
52
55
112
109
142
103
56
-52
-246
76
69
-207
54
-57
56
-270
86
54
-231
-181
-239
-311
-170
78
93
120
-169
-232
-55
144
58
-241
118
-247
114
-281
74
83
95
-241
-53
-63
-94
-84
89
162
57
-54
61
-84
-231
-151
54
-86
-50
115
-114
-368
53
-72
-57
-283
-102
129
52
-100
108
-73
-154
-111
-61
58
53
-59
-383
-86
-315
74
-75
-68
90
54
102
64
-54
-110
55
95
141
-211
-240
-297
62
61
-86
-478
-51
-57
131
55
56
52
-100
-56
134
-268
159
63
125
90
-295
87
65
77
-68
85
-65
56
-72
-79
188
375
-252
88
-122
83
-187
-292
-56
-96
-51
69
-241
-205
-66
-375
-246
88
83
-55
68
50
-76
94
82
99
67
51
112
-200
57
-81
-69
-68
-228
-233
129
121
106
54
-197
136
-65
-108
63
71
-55
-392
-313
89
-110
180
-78
-50
-131
-165
-62
-84
-55
-124
-92
-65
-128
51
-75
-57
-168
-68
-214
-88
179
-50
79
295
-55
-85
121
-80
135
95
53
65
-140
-230
-227
-124
-66
107
193
-278
-50
85
-52
-246
-194
69
158
146
117
50
86
148
87
-285
74
-266
-50
119
59
-316
105
56
56
60
-54
-239
67
92
-188
-95
74
123
51
-88
-240
53
55
-212
51
-95
51
134
-57
-50
-55
-247
109
-78
80
52
-83
63
-266
-54
129
105
-64
148
-74
-83
57
-307
83
-50
98
-116
73
199
-104
-131
65
-256
-639
-257
53
68
-295
86
56
152
-52
70
66
96
61
67
66
-169
-51
-464
-204
-205
53
65
-122
-364
75
94
-85
98
-233
-102
53
-67
-51
121
-210
-146
70
-248
-65
65
81
127
-59
152
125
-57
98
-684
89
68
93
-57
-61
-54
70
170
-434
86
-299
-77
110
80
68
-102
-130
92
52
-83
-251
58
-251
-118
57
-92
-138
53
64
-96
59
116
-77
87
91
-195
80
130
53
118
-230
78
62
53
62
62
94
-250
-270
-109
66
-139
-511
-301
62
63
69
-252
-159
55
-102
51
-148
57
68
-54
-68
-53
-62
50
83
135
-243
-120
-53
92
-257
-242
-55
67
55
131
-350
-55
-54
-240
114
-259
64
-211
76
54
-467
68
114
-117
-53
87
-51
-53
121
-119
180
69
168
61
-54
-150
126
63
145
106
-84
50
68
-78
-609
98
-86
68
-218
-222
-100
135
-58
69
-321
55
77
52
-128
128
53
-153
63
-184
-51
-243
324
150
-53
-164
-59
-146
-50
-91
-211
-96
-236
168
62
67
99
52
-145
-51
-111
-92
-59
116
-173
-79
-50
-88
-194
64
-305
107
-412
52
83
53
-125
80
56
-58
-86
165
-273
-168
-52
-211
61
53
50
56
64
-322
63
72
-69
84
-55
60
81
-242
110
106
52
-58
-389
93
-57
86
51
-263
-406
-50
56
156
70
65
154
79
-62
178
55
101
115
-52
80
57
-84
65
-96
-51
-237
92
-59
53
84
54
-564
-64
63
-75
-70
168
-122
-222
-190
-61
142
-50
59
112
120
80
-56
-152
-82
64
-56
-259
-134
54
-250
-172
64
198
-86
-68
169
64
-196
71
75
-72
-163
63
-57
-92
147
247
-65
152
-51
74
-107
-129
-222
-266
-182
-66
56
-145
98
56
-50
-260
-89
77
-285
-115
-118
-405
-69
123
-223
-257
-248
52
98
51
-119
-77
-223
57
130
59
-80
87
54
-90
82
170
118
68
-128
-54
-136
-63
-349
65
63
-57
68
-97
-241
56
59
-58
179
73
50
74
119
-97
-54
95
95
114
-274
110
52
66
62
-59
-65
-75
66
115
63
80
-326
-97
-73
181
79
62
-124
98
70
-358
-350
-217
59
77
-422
-58
171
-127
-243
-267
147
90
95
67
-54
-189
72
63
-53
112
69
82
79
50
52
-312
53
54
-74
-578
-61
-67
-125
-252
129
-100
-259
-57
166
-70
95
-358
72
-311
61
-240
137
-97
-239
-84
-52
106
-96
57
133
-157
-55
95
-73
-204
111
52
-129
-102
51
108
-116
137
105
-293
58
-71
77
99
56
155
-247
100
55
55
-133
-54
152
-55
80
-53
-234
84
-203
-245
-142
-71
86
-52
119
-53
-54
101
-72
-200
50
-255
-51
-111
-193
126
58
-88
62
-245
-141
-188
-162
