-66
-175
-239
-253
-95
-224
-55
-81
-78
-92
-230
-59
-144
179
-230
76
-60
-58
-184
-111
-223
-55
-59
-50
70
-156
-91
52
-56
-106
-81
-144
-85
-59
108
-70
-63
-82
-88
-154
-349
56
-235
-117
-118
-354
-73
-66
-100
-92
-252
-70
-405
-190
52
-84
-137
-92
-52
60
-241
-61
52
-360
-277
-408
-66
-82
-99
-86
-107
-139
-171
-59
-96
-341
-255
-190
-218
-143
-64
-335
-152
-86
-82
-208
-132
-129
-114
-94
99
-67
-99
-113
50
-290
-140
-244
-74
-176
-184
-70
134
-197
82
-104
-241
-54
-62
-85
-55
-629
-232
-89
-843
-233
-147
-103
-50
-222
64
74
52
139
-119
-63
121
76
135
-464
-251
-372
58
-80
-118
-87
-68
89
-57
-137
-161
77
-123
102
-82
90
-55
-261
104
-74
70
165
-51
-88
-160
-66
-60
-52
-60
-161
141
-252
-256
-290
114
-56
-82
-84
-254
-66
109
-176
-287
60
-243
-250
-335
51
-106
-116
-66
-255
-89
60
66
-86
107
-72
79
130
58
-271
111
-56
-109
-53
-287
-179
-245
90
-52
76
-53
54
77
120
57
-65
-195
-203
100
-130
64
55
170
55
59
123
-252
53
-62
-244
-113
114
-209
-100
-92
60
-51
-63
72
182
-248
-229
55
-119
-54
146
-69
84
-240
-59
-244
90
-157
-179
-339
-248
-111
-241
-176
-51
-110
-158
-80
74
56
-265
-244
-208
-58
-387
-135
119
-118
-120
-55
-101
-52
-124
-66
87
-244
-173
122
-81
-125
116
-68
-66
-59
-219
-74
-54
62
77
-79
-52
148
-196
-57
-172
102
-56
-80
59
-244
-62
138
-72
50
-241
-80
-50
51
-94
90
-74
-156
96
-148
-261
-307
-56
-232
100
80
-110
66
141
-141
66
58
68
204
83
-105
91
-64
-60
153
-558
59
56
-244
-281
85
-71
-256
-50
-62
-292
-88
72
-96
102
75
-194
-200
-260
-51
-67
133
-175
-60
-69
-315
51
61
54
-217
-276
-259
-182
163
71
81
53
-235
-64
167
-494
-284
-342
-105
-110
82
-161
169
-239
-80
50
86
120
-307
-51
-130
-74
-402
-564
53
-70
-133
-50
-74
-58
-70
69
65
-81
-90
-156
-72
-68
-267
-802
-238
-54
-227
101
-346
-54
92
50
-61
-124
-63
-100
-113
-66
-116
-55
67
51
89
-224
-75
-98
-161
-64
-167
-442
-322
-119
-525
-412
-506
-60
-72
-205
69
-132
-236
-121
-275
-60
-259
-348
60
-106
-120
-207
-198
-317
-246
-66
-64
60
-60
-52
-63
-261
-50
-250
63
119
-389
-124
-62
-449
69
78
-88
52
60
59
-80
-107
-117
-66
-56
144
-55
107
-206
-81
-310
-247
179
-59
66
-144
67
-66
-270
195
139
-187
-62
-592
-94
-177
54
61
-70
-152
-79
-55
-535
-259
-78
-56
60
57
-244
-415
168
72
-50
-456
-131
-248
-121
56
-59
63
-104
-105
-248
-181
-76
128
-245
-73
-68
-54
-117
-58
-250
62
-295
-249
-92
-55
-355
90
119
81
-91
-137
71
-187
57
-55
-147
64
82
-110
-63
-61
-305
122
-73
78
-113
-254
101
-128
-253
55
58
78
-52
-161
-192
64
-91
125
70
63
-136
-105
-119
-53
74
117
-107
94
52
137
67
-51
-247
85
194
-336
-175
-58
66
152
170
57
-79
-92
68
84
62
55
-81
71
-454
-227
-58
57
125
-58
-343
183
-256
110
-689
-67
133
-423
-425
-115
85
-58
123
81
-181
63
129
-151
120
-149
-112
-189
97
-51
-246
-73
82
114
57
-141
-68
108
108
75
-504
78
-378
-54
-253
101
99
139
-62
-81
55
-181
72
56
54
145
87
58
101
-132
-103
60
101
-115
82
-244
-67
159
-364
-343
-59
-248
-83
63
-59
-373
-59
-66
-69
93
172
-281
170
-244
-253
-57
153
61
-296
132
-332
154
-168
104
-243
-258
94
-327
-86
200
-257
53
-60
170
96
-350
-275
-52
-177
-263
55
51
-68
-72
-156
-318
-256
-57
84
-93
-50
-65
-78
-75
-84
69
-247
121
61
52
55
-58
-130
-272
-75
-64
78
122
-210
75
55
-657
180
-127
-78
-260
-277
66
-242
-109
-122
-243
-178
-171
-57
60
65
-249
-241
-249
139
146
51
84
-165
52
80
138
-117
-67
-114
102
81
-226
50
-243
-104
-74
-59
-266
-76
52
-294
79
54
-230
104
58
72
-250
-258
164
-59
-310
-240
72
123
-247
51
-253
70
169
-151
-139
95
-284
-506
-53
58
-120
-261
-59
-262
-683
-77
-53
-181
173
152
54
-87
-74
104
-162
-132
-58
52
88
57
136
-94
-128
103
137
-51
-493
-108
-472
-64
93
87
114
-70
-53
-76
-64
-621
124
-140
-188
-640
-508
-105
-96
-270
-146
-265
64
-353
-90
106
-65
93
-268
132
247
-60
-139
111
204
-54
80
-254
72
-190
-204
54
54
-293
88
60
50
-233
-155
-93
-59
-56
-58
-260
-110
202
-67
61
-71
-108
-165
-319
91
-116
-122
-80
-63
-204
55
-72
78
-60
57
-115
-183
-396
-304
84
-103
66
-244
-51
56
145
-61
-73
-106
141
-160
83
-235
-78
67
110
-110
-541
-244
71
61
-260
156
-78
-65
-278
51
-221
189
-117
-244
-262
-51
199
-248
-135
-51
-110
-236
-76
-397
179
113
107
-205
-96
-59
141
-244
93
-104
-209
-50
190
-244
74
53
-120
79
-73
60
-238
55
191
-215
-63
-144
-52
-65
91
-52
55
180
143
-56
71
98
-238
67
-123
91
-89
97
-68
-238
-251
76
-91
-225
62
83
71
-123
-135
188
-97
-575
96
-191
-103
-280
-55
-386
-69
50
-239
-240
-70
-126
-50
-190
53
-179
69
58
-52
61
114
62
-78
59
-84
-240
91
-244
63
102
-270
-112
78
-518
-90
50
197
-243
-64
83
-78
-109
121
59
-252
75
-200
-73
-125
-162
-87
-194
-377
-52
-520
62
-169
-122
53
78
-53
-50
-115
51
172
50
81
-269
-51
119
-278
134
-136
-256
71
62
55
102
66
-58
-314
64
-56
-242
-113
-204
97
54
-55
-313
-147
-51
103
80
-160
60
-51
-200
-256
147
-64
-52
67
-90
-90
-78
-83
87
59
109
87
-308
-245
-144
-334
-346
-122
60
155
-239
79
99
-243
-81
-129
-264
-188
64
112
-119
54
-52
54
56
67
54
-240
-69
-529
-419
-53
-54
-203
58
-74
-84
-239
-151
-61
-252
-289
-121
69
-211
104
-102
-257
116
-129
74
-291
-114
73
-90
-429
-51
-242
56
-254
-375
56
114
-230
-328
177
-240
-64
-234
-59
-225
-635
-131
85
182
150
82
-243
-77
-99
-54
-111
-61
-115
74
-296
-80
-251
118
-202
-90
-226
134
60
54
110
-50
-106
-84
-70
-240
-163
62
-245
58
-109
-305
50
112
-281
51
-66
136
50
-52
-257
53
-51
66
55
-68
86
97
89
147
74
77
-258
68
-389
69
56
79
-132
-52
-93
-238
123
-259
172
88
-50
-52
58
-90
-187
-257
-283
-269
-60
-92
-81
-360
130
-287
136
-69
-210
-100
-125
-176
-308
-293
-54
80
-86
-71
-225
-53
-68
-234
-96
-270
-55
-52
-184
-59
-81
-158
95
-78
55
-402
-178
-204
-236
-99
-269
-62
-63
97
116
-377
-202
-126
167
-373
135
219
-60
-117
-115
-60
118
53
-54
-56
-56
-66
-209
-67
191
-87
112
-122
-153
-627
-106
-122
63
-317
-119
-135
51
-216
-223
-655
64
-238
-100
-50
63
-394
-87
-281
-56
-110
-214
-134
-60
-205
-100
-56
-175
-78
-58
-60
-61
136
261
83
-122
66
-51
-174
104
57
-89
152
-141
88
-80
-53
-197
-75
-52
-69
62
62
-82
-72
-108
-123
62
-106
-188
58
107
-188
-190
-67
-58
-129
-132
157
-194
-125
101
-70
70
50
-84
-52
-164
-103
-72
-69
-62
-56
-75
-52
-50
56
71
-84
-66
55
-189
123
186
-109
-52
-202
97
158
-50
-54
65
54
-79
-113
-213
-379
173
68
64
-133
135
113
-98
-93
100
-51
-257
-350
58
-53
89
-91
-150
-66
81
112
-222
81
59
-50
-331
137
-255
-70
-123
-169
185
64
-258
-65
-139
142
-208
61
-66
50
92
108
53
-96
157
182
-112
89
-181
-297
80
-154
58
-128
112
65
79
151
-90
145
-107
-50
-101
64
-151
-57
-50
-165
-240
80
77
-570
50
-235
-55
-52
-75
-58
-109
127
-72
119
-242
-369
122
-64
-280
-97
52
-63
78
-287
121
127
-148
-242
51
-97
-248
-277
-76
-262
-79
59
-248
-452
-53
-62
-153
60
-167
-101
-309
-341
-74
-347
-81
-61
-97
-98
-107
-236
-501
207
91
70
68
-74
148
60
-84
161
-72
-60
-141
-414
-115
-80
-141
-94
-86
129
-82
88
81
51
-257
-142
-61
120
-235
57
-62
-239
-300
-321
-132
82
-72
80
-105
-185
65
80
-73
88
-184
-66
56
104
-69
-64
-178
-305
-54
68
-83
-96
-78
-70
-259
148
-253
85
56
-60
64
-248
60
140
54
71
-240
-302
67
-257
-147
-60
109
-51
-92
-59
-95
-79
108
57
-88
-300
-242
-242
-235
-218
-60
-145
166
-108
-261
-77
-264
-100
-62
59
-50
50
-344
-84
121
156
-61
-228
-116
-88
-86
61
131
98
99
-68
-97
-74
-107
-241
99
-300
-240
-79
-77
-52
172
123
-284
60
-317
-85
-244
154
-54
50
70
-50
-60
56
60
-63
-57
131
-149
-54
-246
95
-53
-84
100
-191
54
92
50
86
90
-269
-255
-259
-68
-138
100
-114
-104
109
-207
-239
119
-241
-64
85
-54
61
-368
72
-393
-51
-71
-64
-335
-331
59
149
-83
81
-341
-278
-196
-56
-116
66
-217
-109
96
51
-66
-52
104
-315
-337
-252
-199
70
-179
59
73
97
-114
-54
-244
-255
-388
-293
55
-185
-194
-222
55
-58
-55
-76
-119
-488
-247
-124
51
-63
71
54
-80
-80
50
139
90
-165
-479
-122
-245
127
-255
-243
120
64
50
-184
-283
51
147
125
-597
-58
58
-106
-255
-138
-180
-323
-255
96
-446
-53
140
180
-205
-62
-163
-267
-221
57
-334
170
142
121
66
66
-55
-50
73
-239
-240
-146
-51
73
-210
-105
-270
51
-126
54
73
59
-239
-66
164
144
-284
-158
-83
-250
-243
119
111
-328
-93
200
-239
-102
-245
101
-92
-68
79
-245
54
-68
-92
103
-239
-173
-75
63
-53
78
87
108
-240
-50
-93
-261
-57
-103
-54
-221
-420
-127
-367
-51
-58
172
-79
51
-63
-261
62
-260
-241
-76
-66
126
-93
-119
-67
-134
-65
-61
-156
-275
-77
-248
-250
-124
-461
-93
-380
82
76
-52
59
114
101
61
-50
178
-408
-154
-68
70
55
100
-254
145
77
-70
-206
167
54
-270
102
-108
-321
-110
-71
-639
-152
-52
-332
167
102
-98
81
67
69
-51
-136
113
52
-50
116
-55
-464
-54
133
127
102
-68
51
117
84
147
-268
60
-56
-377
125
-100
108
-83
138
144
-73
-67
-848
113
-60
-312
-59
111
142
-130
-76
61
74
51
-123
-54
-127
-52
-142
52
-78
63
107
-187
130
-256
-166
-229
-50
-82
-145
-66
-75
-53
253
68
-315
60
-55
-84
-219
-103
-238
-157
-219
-52
-64
-185
-69
70
-63
-223
-123
-244
-64
-184
-88
-68
-69
157
-54
-220
61
-56
-64
-582
-55
76
-110
74
-191
-54
-155
55
-119
59
103
100
-60
93
235
235
108
52
-50
185
69
-168
74
106
-60
-184
-368
61
-285
-116
105
-54
-177
-179
89
-294
-92
-52
-61
-342
-232
-373
60
50
-122
-176
-55
-189
-358
118
-274
-56
-152
-89
-193
-325
58
81
92
-50
-58
-65
85
-52
-218
55
60
125
-69
-50
130
-80
-240
85
94
53
57
103
104
-312
-233
-51
-267
-87
-59
-127
-68
-60
-372
-137
89
-50
-254
182
-199
-52
-102
-78
-64
-104
80
-136
114
89
61
94
-265
-183
-210
-56
-50
-228
-146
-54
-228
-80
91
103
-95
-201
-93
-62
171
-63
-90
-242
-165
56
50
-191
125
-250
93
-109
-196
-311
169
-118
-186
52
-317
-50
-250
78
-60
-52
-189
-232
-108
58
-56
-319
175
-87
-56
-57
91
64
162
60
-52
72
-100
68
-84
62
-81
-168
93
96
117
-282
112
119
78
108
116
-63
68
-262
198
-50
-53
-95
-62
50
-79
58
-384
-321
54
-50
125
-55
58
-107
75
-75
-58
-244
-283
94
-247
-63
89
53
-117
-97
61
-60
96
84
-153
57
-71
77
-111
97
-103
-259
-89
52
-60
-78
-59
53
-95
-246
64
-68
-55
-192
50
-52
102
-257
79
111
-73
-130
75
-390
-213
-129
-85
188
-94
-240
-138
54
54
121
-144
-88
-247
-263
-76
193
168
-423
-79
-106
-573
-54
-215
119
-805
146
-484
-57
-377
110
-102
-83
-123
-123
-210
-60
93
-100
-55
88
-62
-77
-105
-93
61
-120
-55
163
-72
68
52
103
-248
-141
79
114
76
68
-207
-344
-237
-51
-119
-77
-72
-67
90
-61
-210
96
-81
-64
69
-364
58
-51
52
82
-373
-323
-50
-251
90
-100
140
-312
-156
-354
56
-114
-77
-66
-202
-83
-187
-246
-200
-89
-90
-80
60
50
-86
-135
62
-140
-78
-131
-91
121
-68
-191
-63
-50
-70
-198
113
-50
-81
-123
-163
-84
-53
-225
-180
-51
-463
-55
64
64
-105
-320
72
-69
-107
-52
-109
-401
-87
-192
-85
-202
-150
-75
-55
-52
-76
-63
-142
-70
-241
-246
-79
93
-224
-225
-194
-140
90
-252
-106
-168
-66
-99
-484
121
54
-143
-169
-262
-84
-257
-66
-119
52
114
-90
-98
-294
304
-81
-64
66
-56
-58
-331
212
50
76
-463
101
-160
-57
67
-64
72
-554
-136
-200
-78
-258
-140
-54
61
77
-82
-83
-74
-184
59
-143
-138
63
92
-76
60
-364
-98
50
-71
-58
-91
136
-75
-154
-96
-279
-75
-58
-94
-113
160
140
-54
-118
57
58
-73
-58
80
-58
-111
80
-84
-103
111
-200
-106
-52
104
-52
-242
65
56
-77
-158
65
184
84
-143
-86
-51
-77
-87
-135
-370
58
79
194
57
-397
-225
206
60
-50
-570
95
56
-174
50
-53
-118
56
-64
-191
540
-56
84
52
80
135
-120
145
-57
170
-60
88
-61
64
-98
-215
-123
111
91
60
52
184
-245
71
-225
156
90
-65
-76
-53
136
70
-54
-141
-80
-54
-256
-140
-131
-243
85
-98
-73
60
-52
-197
-248
63
182
-127
71
-112
-103
107
-88
-63
-72
-168
-152
68
-246
-109
71
82
151
89
-332
-84
91
-128
73
126
77
-60
-111
111
-74
139
92
52
123
-522
-53
54
82
-62
-52
79
54
98
-186
82
144
185
95
162
50
-62
-164
-140
-84
-307
-147
-252
60
-101
-79
58
-149
66
58
67
-253
54
-171
-291
-177
-57
-287
-162
-56
-62
-103
-56
153
-53
-52
66
-214
-256
-241
-160
-236
-250
181
-256
-222
-101
-142
-245
-288
-54
-374
-75
107
88
-504
72
79
-185
-247
-261
132
-239
67
62
67
-256
120
-400
-309
-66
-268
124
56
119
-162
-142
52
69
82
-51
-52
140
-50
-63
76
-243
-246
-132
59
-54
-242
-203
-84
-238
60
-51
-103
71
79
-287
129
63
-138
-83
-52
-250
53
72
-74
-482
64
-60
-57
-392
-601
77
103
50
-51
126
78
118
81
-243
-233
-65
-86
125
-60
-317
-238
-209
85
-59
-119
99
61
-132
-243
-94
102
176
-68
-170
-77
-239
72
60
-194
-210
-369
102
-65
50
-239
83
-318
-86
-53
-67
-128
-104
-56
-149
-289
-396
55
-66
92
133
136
-57
-326
53
62
-60
55
-62
92
-59
73
70
60
-66
-97
-66
-154
52
-89
-210
139
-108
121
-56
-100
69
-87
84
-60
-152
-72
-62
92
116
-76
-56
-132
-52
123
62
-102
-276
-187
-158
59
-118
-217
-300
52
92
96
-77
-96
89
94
-147
-163
-58
-260
-166
150
82
-659
-51
-265
102
-50
68
70
-82
88
-50
-160
-92
-72
-102
-138
-158
67
-109
-68
52
-386
-242
218
-104
-52
-70
123
145
88
58
110
-382
-452
-208
-70
54
-130
60
-172
-261
63
86
-296
-170
-314
-141
84
-381
-184
64
-263
-257
-235
95
-56
-263
73
-335
-62
-57
-50
-378
-231
-142
-110
-478
-331
118
-505
-205
109
169
116
-315
-502
55
-66
-93
-140
149
-271
-84
-317
-242
-90
-78
93
-122
-316
-145
-78
105
-303
-71
53
-66
-50
-103
51
-140
114
56
-146
56
-251
-81
-276
69
105
55
51
156
-52
85
123
70
-242
102
160
-259
52
-56
-239
72
-114
-169
68
100
-54
202
125
-245
-230
-285
172
51
80
-51
-65
120
-53
94
-78
51
-225
-231
-171
-283
76
75
-66
-51
74
-137
-246
56
63
-238
76
-172
68
63
-231
50
-236
-240
-64
-130
-260
-244
-91
72
-341
-257
-117
-230
87
123
-81
-173
-52
-84
-158
57
-101
-50
-306
-157
68
98
184
71
-332
92
124
-259
-206
-122
53
-74
151
-248
-286
70
-60
76
-60
-54
-189
130
65
-321
111
118
-247
52
194
75
68
53
58
-156
-60
-108
-64
-152
85
60
-240
130
-157
-130
-247
-288
64
70
-92
-478
61
-96
-368
-260
105
115
68
-319
-371
-241
-317
-240
-294
80
79
-55
-126
-469
-248
120
-309
-143
54
-309
-112
123
-75
-90
-245
243
69
-198
-312
55
69
-144
124
103
-251
-118
94
-524
-67
-324
-61
-266
-334
-69
-281
-257
-120
53
-51
-50
-209
-143
97
-181
68
100
-125
-66
93
-359
-53
-169
-259
-70
92
86
55
57
61
-290
-114
-157
103
-75
76
81
176
-69
59
175
-145
-270
-56
-50
-232
-177
236
143
63
-289
97
-398
-56
-341
-62
71
-139
-98
-68
75
54
51
-655
-219
-239
76
-217
90
56
-161
50
-118
-247
84
-534
120
-187
-207
-402
100
129
-137
107
75
-201
-315
-133
162
-55
-58
50
-248
-65
207
-114
-372
-145
-106
-58
-249
72
-197
-245
-131
178
67
-251
101
120
59
-71
64
123
124
-211
62
117
-391
-244
100
-98
-84
55
-325
-170
-114
97
-242
-321
-290
58
87
-205
-202
-431
131
-88
89
-84
-51
73
-58
56
-50
-69
-419
-320
-183
95
-112
-87
-64
86
99
71
-189
-219
85
-52
210
-59
-146
-253
-246
97
-84
100
-246
-146
-279
113
-521
-145
125
-204
-269
139
-120
-86
62
104
-126
63
-74
91
52
52
-64
116
180
131
-56
-70
94
-387
57
172
-186
95
190
75
-54
-120
-81
-242
-76
162
-57
70
66
53
-405
-301
192
-52
53
-60
-53
-193
-261
-96
-293
113
-79
59
-245
-60
59
75
-110
-69
-67
76
75
57
80
-60
-51
-72
-77
-90
-315
-258
-111
-258
162
-73
74
-250
-91
103
81
-343
-113
-148
-252
-61
139
-281
54
-248
89
-80
-162
-208
-62
-303
-247
-181
-68
-124
-170
-127
-240
-68
-54
-99
-56
-239
85
95
112
-174
137
-242
73
-50
-57
58
-309
-60
-85
71
-55
157
-176
188
62
-185
-165
117
-387
-56
-127
-164
-406
-286
-240
59
-125
55
-178
-200
-64
-136
98
-114
50
-245
196
-244
-470
-130
-178
65
96
-59
62
-82
226
62
81
69
52
-56
63
-249
65
108
-66
53
-59
82
-120
-55
-54
-152
59
59
114
-387
129
134
-157
-116
58
87
90
80
-311
-86
56
134
-109
-101
-51
54
-54
184
126
-265
-117
-168
138
-175
-56
-53
-358
-106
-123
73
-130
52
-84
-168
-51
-112
-97
-60
-54
58
-125
-324
-66
58
-221
-74
-242
72
-125
60
-147
-75
-56
-191
-132
-585
140
-300
-182
209
-82
-108
-92
-50
-265
-184
-350
-600
-55
-57
68
-414
-162
-140
-69
-288
-417
-126
-50
-97
-390
-139
-221
-136
-56
-259
-259
-75
84
-232
-295
59
-92
79
-105
-60
-77
109
-156
-92
65
-56
-155
140
-294
-211
-61
74
-190
76
-55
169
-553
-66
59
-55
54
-245
53
-68
69
-108
112
123
-50
-266
113
-287
-51
58
-129
-80
-64
-88
152
207
-75
145
-84
172
108
98
-104
-352
-74
66
77
144
-62
-205
-75
315
-80
-87
183
90
-50
-59
-414
81
-224
-177
54
-171
-60
-156
159
73
54
-195
-69
-261
-52
-55
75
-241
-325
-301
61
-66
55
86
-249
-488
148
115
99
108
-453
-116
-64
-50
145
-244
-73
-171
84
-62
118
-248
-245
-86
68
-58
-316
-94
-182
79
-70
-111
-143
-121
204
-55
-261
91
-54
-188
166
57
57
144
-113
61
109
84
80
59
-259
-73
135
-194
-246
-261
-671
-62
129
-61
97
-185
-61
-71
-50
182
50
-56
-59
-262
-58
113
-212
158
56
116
-281
-172
-247
-134
56
67
-135
170
-315
92
-98
-101
89
-295
82
-268
85
-247
-110
202
-68
91
-54
-62
-373
67
166
109
-239
-81
60
-123
-96
-249
-60
56
84
54
-59
-55
-139
-245
94
-231
183
130
-61
-481
-153
171
54
-282
102
-399
-60
110
-262
-70
-241
-62
55
-255
186
-247
-158
77
-68
-94
-321
110
66
103
174
-203
-237
100
-101
-369
52
-242
86
78
110
68
61
-148
-55
-359
-63
-143
51
62
-128
-358
-80
-58
-71
100
-241
-142
-194
-99
-246
-338
62
-167
123
-90
-67
169
-107
-335
-74
-125
66
53
-176
-72
-242
-492
-88
93
166
-225
-141
129
-81
161
83
-50
170
-58
-144
112
-258
-63
-117
-62
168
-311
-103
168
115
-201
80
-152
81
111
163
-129
-86
89
-194
-400
-183
-69
108
-99
-61
74
-255
-64
66
-327
-284
-310
62
52
-381
-80
51
-54
-248
-97
-50
91
-108
104
-202
113
-228
157
-73
88
-59
153
-111
-288
-130
114
-145
91
-570
-286
111
-167
240
-771
-239
74
-124
-56
-117
111
73
-96
62
-99
-57
50
61
-248
-150
-326
-293
-58
-127
-406
121
-334
-54
-66
-351
91
-62
-123
-90
-66
-205
85
56
384
129
-482
-56
-100
-89
-134
-57
-50
-387
-421
-261
-74
-77
-71
50
-54
-102
-208
-208
-89
-354
-578
-108
-229
-143
76
129
-135
-50
-86
-54
94
62
133
53
-333
-121
-66
127
-287
-89
-240
-102
-59
-63
-86
-258
-82
-115
-244
-52
-77
53
-74
-104
-124
92
-321
-82
52
-149
80
172
-53
-54
-59
59
103
-311
-273
62
-56
-268
-52
57
61
-242
-57
-99
-241
-252
-172
120
-71
126
-131
-240
120
-259
109
-77
-256
-171
83
-183
-387
57
-325
-280
-81
-218
-235
-91
-246
66
63
-53
-51
-221
71
-257
-248
-344
-84
-90
-175
55
-101
111
-51
-241
-65
51
-246
-78
-147
-460
-247
-384
-297
78
-53
78
121
122
-244
-265
-121
90
102
118
52
52
-88
-668
117
-152
70
-327
-349
139
-52
-259
50
-56
133
50
186
97
-51
174
116
114
87
-194
-515
58
72
-138
-66
183
-56
96
-253
67
-267
-83
-92
58
-257
-50
106
72
73
84
58
114
-105
-163
-54
-146
-56
-72
-295
126
-145
-51
59
57
92
-97
-54
-86
-50
51
-62
-64
-66
-109
-250
-249
143
84
-250
69
-52
169
-54
-50
127
166
-54
-52
-64
98
153
-131
-51
-116
-168
-58
-242
-246
-163
-60
-63
-68
-62
-56
50
77
58
-257
87
147
-320
173
96
116
70
-126
80
-64
85
-71
57
160
-114
-198
-67
-185
55
-256
-61
-168
58
-131
-363
53
74
-242
-59
134
52
59
-62
75
-251
83
-87
-76
-202
181
60
57
63
-54
152
-93
97
-146
68
-142
-66
-105
-240
187
-478
-55
137
-179
-61
-56
90
-100
-127
104
-266
-69
-117
-234
108
50
91
-62
65
71
-156
-69
-441
61
78
-70
154
-68
-131
73
-276
-240
-65
-210
77
-460
53
-150
-51
-248
-57
-146
-147
58
-396
50
-94
-81
-50
-55
58
-120
-84
-57
156
108
147
-267
-260
-82
92
65
111
-55
383
-50
81
-81
-52
107
-298
-320
-255
-135
-63
90
56
72
92
-206
-54
60
-53
-67
74
-54
84
-85
-54
-120
-100
-318
-209
-95
106
-123
63
52
176
59
82
-51
-145
-87
-83
-184
-93
-416
-75
-294
52
-430
-70
85
75
-58
-140
-241
-144
-81
-208
-187
-97
130
-248
-64
-53
-203
136
97
237
-70
-118
-280
-72
-249
-267
-731
-93
-82
-197
-130
82
-67
-96
-56
50
-50
214
-388
-125
-119
-136
-127
-96
51
60
88
-54
-59
-260
-258
107
-131
-214
-68
-69
-301
-52
-76
-62
72
-155
-465
-50
-307
94
-72
-107
110
-52
-315
-88
-66
-279
-139
-54
72
-89
-107
-56
-205
-54
-161
89
-183
-118
69
-101
-104
99
-52
-366
136
-60
59
-203
-67
-226
-106
-54
56
-58
-50
94
-51
77
-153
-131
-585
-177
-167
217
-102
136
140
55
50
80
59
96
-58
191
61
-224
87
-200
-347
65
140
67
-58
57
-170
-109
86
199
-110
60
125
139
-51
-182
-133
53
-60
-575
-75
-87
-116
110
-110
155
55
-74
59
-53
-266
119
-324
74
205
-58
164
-98
149
-57
-50
127
79
-240
-158
-284
-63
-504
-243
-170
195
-54
180
-62
-345
-60
158
-61
-167
-272
85
164
82
-194
-318
-94
193
-62
-145
86
144
54
-239
-103
54
146
153
-195
149
56
53
-67
69
95
-212
-82
78
99
-69
-265
-243
52
126
-143
139
-77
205
-60
-241
-85
86
118
51
-76
138
-263
-50
76
194
178
63
64
-66
61
-264
-257
114
116
74
180
83
77
77
-50
-54
-54
-243
-51
-572
94
63
-98
53
-239
-84
-68
70
51
88
61
147
-58
70
72
117
134
55
-51
-58
91
-50
173
-55
65
109
57
77
154
-56
-119
111
87
-87
-176
-250
151
-52
185
50
-231
-66
-96
63
-53
67
-309
-259
147
-297
-482
-50
99
64
-84
160
-65
-133
80
-60
204
-109
-67
149
-253
-131
-100
76
-209
-54
50
77
-232
-142
-130
-92
-123
59
-257
-245
-397
-226
-155
107
-292
62
-51
55
73
-233
-559
-54
-57
68
-452
-221
-137
133
85
112
164
145
-131
-86
111
-176
150
-179
-252
108
76
-95
-74
69
177
-276
106
130
76
82
-294
93
82
129
57
75
-235
-68
108
105
-270
-97
51
53
-242
-60
-80
110
-244
50
99
68
-128
-51
-441
-283
56
84
-64
-475
-181
-90
-81
66
-413
-197
60
60
-113
-87
-65
-101
69
66
-127
-128
82
113
-75
-230
87
-189
65
-380
-64
-202
-51
-56
-80
81
-61
144
-50
145
-279
-180
-81
-138
-52
-259
-130
-263
-59
-59
-76
-94
-84
-425
-81
78
111
-106
-120
-62
50
-62
-171
-71
-132
-67
100
-318
-66
-101
-142
-141
-250
138
-118
-119
-61
-163
67
-149
122
54
-176
54
-162
-56
63
-215
-169
-342
-71
-256
-86
-69
-70
-80
-103
-317
152
99
-189
82
103
-52
-69
-97
118
-79
77
74
-325
-285
72
69
-73
-237
-51
-100
128
75
136
105
61
-151
-302
-79
-77
-67
-111
89
-68
-76
-246
60
53
63
85
176
-244
-52
182
-221
169
-199
-60
-59
51
59
-102
-257
67
-64
-173
55
-319
-229
141
-276
-245
71
-53
-241
53
61
-108
128
-138
66
132
167
-155
106
-61
-52
-397
-63
57
-61
-52
-241
-101
-183
86
98
96
56
94
-247
-113
126
62
159
57
85
-56
83
-71
169
-51
-79
72
-203
57
-51
79
65
-72
-248
129
-77
-96
62
-210
-126
-54
-66
-422
73
174
-63
-240
156
-336
-140
168
-63
-610
-611
58
86
63
52
58
-56
125
97
-61
-52
-58
77
77
78
-122
57
-578
82
-424
-51
60
52
-52
-219
72
-257
77
-101
161
-184
-207
59
-568
-77
-63
-85
-80
-342
61
98
58
-120
-378
79
-105
-252
90
61
-261
-95
90
-257
-240
-50
-369
84
-300
-257
-60
132
182
98
-54
63
-63
128
-394
-56
51
-255
-50
151
-60
-61
135
189
-76
-233
-268
-299
89
-242
-187
60
148
-96
57
-258
107
-254
-67
111
66
99
-60
107
87
-246
94
55
75
142
-193
-109
97
-190
-56
55
119
-211
54
-149
84
-168
-53
-239
50
113
-241
-56
-114
54
-54
81
107
133
-247
-321
76
177
-63
-221
-375
-66
-243
-267
99
-75
92
175
68
-569
58
79
123
-62
85
-53
-179
-110
-296
51
-132
-66
-86
-279
-248
-162
181
207
-51
53
-253
-249
80
-270
-172
66
-252
187
-82
-149
73
115
-154
60
-81
-55
59
-316
-75
-252
141
85
-223
-56
77
-96
-50
-86
-371
53
58
-244
-323
56
111
51
-242
94
-63
166
-266
-50
154
56
54
55
184
125
-185
89
-58
-197
-56
81
77
-99
-57
-635
-352
50
76
146
55
165
-164
-56
118
-157
66
63
-104
-264
-54
-127
120
105
-163
-88
-388
-264
-51
-336
71
-190
-129
67
-231
-52
53
54
-88
70
-50
-67
-203
-53
-65
-56
-145
-404
71
-150
107
103
-52
-256
110
-373
79
-183
108
-101
-66
-72
72
-104
-131
68
-70
-76
-68
101
-114
-72
54
-60
-81
-76
-88
-68
-60
65
-262
-536
-134
-112
122
-60
52
113
-186
-279
95
-57
-197
-101
-256
-231
-271
-317
-80
-126
-133
-98
-129
-287
-260
89
-118
-58
51
50
109
-74
-204
-169
-95
-100
274
-51
84
-253
126
-50
-52
-50
-56
-201
-131
-55
84
-77
-90
176
-51
-68
-91
117
-148
89
-247
-171
-232
-468
-56
-214
-139
-372
-152
-269
-244
-52
-62
59
51
164
-144
-493
92
-53
-129
-56
50
-171
-229
-389
52
-173
-93
-97
-68
-253
-52
-99
-56
-68
55
-96
86
-431
56
58
57
69
59
109
-101
-232
-132
-59
-96
-134
-60
-65
73
184
-58
133
-441
-265
-230
-149
-136
-91
118
-72
-262
121
67
-100
-227
-318
54
54
70
-90
75
61
122
112
52
-272
-192
51
-164
-238
181
77
-370
-57
69
66
57
-351
103
-194
196
123
76
-55
51
-82
-52
51
-245
-105
-56
-64
-220
82
95
-50
56
-259
-121
-51
-430
65
-281
-101
-301
-116
63
-143
-57
169
-75
-120
-187
61
121
-156
182
-58
96
-114
-76
-288
58
-78
-81
-137
60
-124
-311
123
-139
-220
-55
-243
76
-244
-245
90
-100
-114
-271
-107
67
-454
-312
117
-51
68
-230
-78
-180
194
-61
-66
55
-74
152
56
-354
63
-117
-122
-194
80
137
63
184
-55
-51
-245
64
-58
-112
69
50
-50
-97
-371
-246
89
-246
-219
83
-244
94
81
67
-245
-69
-304
61
139
-78
166
74
131
-61
-64
-79
150
105
-259
81
-129
139
-252
-239
183
59
94
-257
-370
-307
-126
63
86
188
-249
-246
-117
-98
-352
-60
-87
86
-54
-107
-60
-88
-244
-54
73
-50
122
75
93
60
106
-561
79
134
-109
-242
-82
-94
73
-55
-138
72
-238
-80
-50
-241
-290
-245
-52
114
-64
-83
74
-78
-51
-74
-122
-245
77
-244
70
78
-148
52
-831
-257
-232
-59
145
-411
-262
63
-246
-77
-57
-133
50
-58
120
-183
67
62
-258
-295
147
137
83
-74
-241
68
-116
-261
-112
-79
-197
52
-246
-51
-98
-54
159
106
63
-499
-248
-291
-262
-79
-259
93
-95
-307
65
58
-238
-83
148
115
-54
-140
131
-61
-197
60
169
-168
62
-185
-60
77
-79
-237
-392
104
-221
-151
-180
92
-237
172
-117
-192
69
68
-60
93
59
-56
-61
-119
-61
60
-82
56
-114
-317
-64
81
-115
-81
-242
60
-244
-66
72
-68
-137
-75
57
-105
-159
-52
68
-55
71
125
60
-51
56
-76
-104
-160
-85
-238
-87
-109
90
88
-60
-60
-68
-53
60
52
56
-81
-142
-66
56
-142
-151
-263
-118
-56
-107
-58
77
-179
-122
-106
111
-115
114
-58
60
-202
108
66
-130
-363
50
-75
-89
-63
-132
188
60
74
-134
-170
496
146
-117
59
91
122
-55
-54
124
-130
-94
-90
-84
-71
86
-50
-211
50
-76
-93
-82
-127
-79
-675
100
-340
96
106
-246
217
94
-50
52
-50
-78
-175
-104
-202
-51
-87
-50
-254
70
111
-66
157
-83
98
73
69
114
-86
-298
129
-50
-297
97
-74
-325
-149
108
-191
62
-131
-54
-190
51
134
-254
180
-54
-102
-57
-52
-108
-78
99
65
150
-52
-79
-50
139
86
64
-397
51
73
98
-102
-188
-82
81
93
-74
-275
-66
-337
-198
92
-107
-245
-54
161
-52
67
-170
-82
-58
146
-259
88
-707
56
79
-58
-101
-259
-57
-235
95
-80
-55
122
69
-257
-68
-93
143
159
74
-57
-90
81
163
54
57
113
95
-133
-52
-244
-59
-332
-83
121
-223
-134
-123
191
-106
188
-69
54
-91
-84
83
-267
85
61
78
-242
188
-68
-50
-255
-80
-175
-68
-50
-250
-68
-135
54
92
84
-251
-54
130
-66
-82
-163
77
-139
59
-88
163
56
-71
-67
-74
-131
-60
-379
107
-112
-141
-66
-244
94
-53
-86
-242
-309
169
-260
119
62
-244
134
52
77
98
-232
-55
-112
-117
88
54
83
71
56
-416
-405
-129
-151
113
116
116
-300
67
-200
-67
-59
-57
-205
61
63
-79
-53
-108
84
-259
-62
60
93
69
68
74
-123
51
-262
-320
-264
-57
62
88
-97
-58
-325
-271
65
51
60
-56
63
-67
55
-164
-51
66
140
94
-260
-54
81
-368
58
-245
-78
79
-179
139
-64
-60
-64
-57
-395
-497
-208
152
59
86
185
-252
51
-121
-402
-188
183
121
-144
167
-54
-321
-59
-183
-56
-319
-520
-155
-106
-218
-86
103
57
-62
-129
56
-507
-235
92
70
-425
-56
-143
79
-58
56
-516
-91
-151
-139
68
-78
-280
72
-64
-53
-227
-132
-238
-208
-61
-263
-51
123
95
75
163
50
-176
61
-93
52
-73
-278
-223
178
-473
-126
-191
78
-288
-150
-122
64
50
50
-70
-93
-241
91
70
58
-132
-50
-145
-60
-680
84
-254
72
73
197
-54
-60
-163
-90
-237
-283
-74
-299
-60
64
-58
-51
-56
-98
90
-72
-130
-61
-96
-97
-100
64
-251
-250
86
-244
-134
-113
120
97
64
53
194
108
-52
51
-246
103
-243
-91
63
74
146
61
-292
51
-81
153
-367
148
-268
-163
-55
-98
59
62
-100
75
-299
-50
94
-53
-54
-102
-207
-241
-603
51
56
61
56
129
-80
-51
-103
65
-183
58
190
112
-121
-84
-111
-79
92
89
88
-206
-85
-55
70
64
-50
-247
53
-290
-62
106
174
70
-207
-143
167
67
85
55
50
-246
-58
114
-58
-59
50
-100
-50
108
112
-54
77
-82
-110
-77
-181
-61
-260
79
154
-73
-252
85
-50
-63
98
-298
52
-57
189
-320
-52
74
87
-236
59
-78
51
-308
-237
-72
77
50
61
-145
-243
69
185
103
177
97
-241
-61
136
-569
-136
-135
-91
-55
-377
-74
-292
118
-399
-136
-431
160
-57
-167
-167
-136
-234
94
-233
109
85
-63
-120
-101
-58
-55
-221
-195
59
-251
-261
86
-83
-556
-60
51
84
72
122
-83
-246
-59
55
164
-154
-158
135
69
-277
-78
109
-55
-56
65
203
69
-52
-314
108
-52
176
-256
-244
-521
55
-324
75
-241
-100
116
-300
-53
-181
72
109
-73
78
54
-145
94
68
105
-154
93
-131
198
138
-301
64
137
-94
-169
-191
-51
75
85
-52
-51
142
-417
53
137
-88
-58
-385
56
68
-252
-51
-87
-171
-238
-78
50
-149
-126
-131
56
-86
58
-60
-206
-107
-134
-53
-66
51
55
92
-62
-78
68
93
184
70
-303
-52
-258
-207
-211
153
-57
-96
-112
-210
-351
50
-217
-217
-76
91
-50
-121
-111
-87
63
-96
82
-59
56
126
-55
-57
-63
105
-114
-64
-56
120
-66
-68
50
-59
-258
67
-196
-136
-243
-147
-117
-370
172
-83
-64
-75
-152
-96
-164
59
-723
-73
-92
-121
186
-217
68
-53
93
-103
67
-253
-72
80
390
-214
61
-51
-62
-69
-92
-177
-270
-80
-268
-68
86
-136
93
-262
-85
-80
-52
-58
170
-100
-120
75
58
-63
-379
85
-100
123
-61
84
61
-102
-106
-60
118
-256
176
-272
129
-118
89
105
-244
104
-81
146
-321
55
-170
-451
104
-61
-50
-80
-115
-184
-158
78
50
-52
200
-294
-215
91
95
-241
-74
132
57
58
55
152
-254
127
-167
-191
-94
-51
-65
55
-127
-280
-126
-136
-56
95
100
112
50
-53
135
-62
71
52
74
-52
91
62
143
73
-258
-66
-114
-145
-268
-57
81
-58
-66
-118
-292
-52
-257
-84
61
-62
-259
125
-102
-105
69
-207
114
106
54
-123
-57
-121
127
-75
-71
106
137
-126
-69
86
54
-52
-316
-254
-95
-473
79
127
-60
-263
-239
-254
-63
-177
-56
-106
-250
78
-216
67
53
184
-94
-230
53
-243
-99
-63
120
-242
-234
-394
-138
144
114
55
118
-189
-247
84
59
-238
-124
-59
-196
-130
96
114
-128
-114
-281
-74
166
97
58
81
74
150
-89
137
83
163
70
85
81
160
93
-57
64
106
-53
118
54
-83
54
-62
176
-57
123
-406
-140
-189
61
98
-226
-90
50
-261
-205
155
-220
-51
-489
160
76
124
137
53
-100
52
126
51
-52
80
-236
69
-245
148
-79
-105
-78
-104
145
-50
54
-80
-63
-295
-90
-348
-86
-106
-135
-50
148
101
220
-85
-195
-115
115
-140
-255
-69
-265
-59
74
-50
-126
104
63
-383
-136
-83
-247
-117
-283
54
-103
52
-55
58
-300
-71
-276
94
-61
-84
-393
-52
-67
96
58
-431
58
73
-57
-152
-59
-59
121
-50
-244
67
-383
-315
-150
66
-204
118
74
95
-217
68
-80
171
52
-75
-254
-287
76
67
-68
102
-321
-127
116
-240
-255
-73
-50
141
102
-241
-78
59
-245
-163
-60
-107
69
-211
-57
-115
-110
55
-126
95
99
100
-104
159
-195
96
72
141
-241
-303
-110
52
147
-50
-211
-52
-297
62
61
-76
50
-93
-478
-61
-86
113
95
-277
60
-187
55
56
152
112
52
80
110
-72
-280
50
124
-128
-52
154
82
-170
70
140
57
-227
-386
134
-268
-100
159
154
-80
-283
-88
-144
62
102
78
75
-86
80
-50
-242
-243
80
71
125
84
-75
-50
89
90
66
-107
-295
87
-58
-148
167
-60
-55
77
72
-55
85
62
-116
52
-303
-52
-294
187
-59
-74
53
-50
-240
50
-143
-140
-205
129
-156
-97
149
-325
-292
65
102
91
174
-68
160
-72
-62
-73
-358
188
-143
-252
53
-122
116
-243
-52
-331
-201
169
193
64
90
-120
-65
-102
-281
-59
172
71
-82
57
52
-50
-247
-151
-78
-70
88
116
-241
83
-236
-96
-211
98
-107
-85
-70
-246
58
-247
147
-51
82
-59
-53
-62
-105
-54
51
99
-284
-133
-100
-54
-59
-173
199
-59
51
-95
112
-66
-240
-294
-83
-250
-106
-220
-55
66
-335
74
-70
78
-173
-191
-81
-64
-216
162
-254
135
73
-276
-344
-190
-55
129
-166
96
-236
-90
-335
95
-56
-122
-54
68
-101
58
-100
54
81
-78
-100
-73
-65
-431
-154
63
60
-51
60
-116
60
-326
51
-75
66
-141
-88
61
-64
-195
96
51
-182
-194
-52
80
-53
64
-181
-71
134
-61
-57
-68
-86
80
72
-54
-54
-255
-75
56
-55
66
-244
-154
53
215
72
-110
180
-205
117
-385
-86
-167
-232
86
-54
-131
-165
97
-63
83
-112
-176
63
95
-346
84
-294
-331
184
-241
-224
108
-151
-61
-62
-253
-84
-108
-84
-71
-215
64
-64
76
-259
-73
-94
-63
54
-97
-82
-134
-227
209
71
-53
-62
72
-69
-168
-269
162
-58
166
-69
116
-537
-68
79
-117
349
70
-80
-208
-99
220
121
-369
121
50
134
97
95
-120
-62
83
65
63
-144
56
-272
-173
-64
67
-147
-242
-227
-132
62
72
-540
-61
-135
-239
-118
-278
183
-70
-392
-60
-234
-242
-87
55
143
-242
75
101
113
-60
168
-50
-350
85
-64
-161
-316
71
-246
-238
-94
86
-316
-194
56
-81
-164
125
91
-281
146
58
-69
-532
117
50
-53
-412
-250
-50
-65
-72
-178
-256
189
-115
-172
-257
-74
-136
51
-259
-205
52
-119
-61
-131
69
-171
149
87
-285
74
-148
-71
50
69
53
-266
62
-147
181
-244
73
-114
-50
-54
78
-96
85
62
59
105
-167
60
81
180
-246
-66
-156
-70
-52
-197
116
-186
-239
-58
77
-142
92
-106
64
64
-85
-108
84
-239
-96
-82
-154
-359
74
-200
123
-247
-88
-407
-156
-54
-280
53
54
-407
60
-78
-66
-490
-145
-59
-95
-341
-69
-241
137
51
-82
70
129
93
-243
-245
-125
-103
-247
93
113
-691
109
-62
80
-69
-201
-88
-50
63
-240
84
-252
63
-216
-241
-73
129
-50
180
151
-100
73
119
101
-50
114
169
-75
148
-114
-135
-147
-247
109
65
-66
57
-307
-174
83
-239
83
-50
-66
-80
98
-238
-255
123
65
-88
-422
-192
73
-58
203
-104
-131
65
-256
-182
53
-61
-177
-54
-175
-128
54
-295
65
86
56
152
137
192
-196
-52
77
-71
99
70
70
-62
66
-401
-54
124
-82
-289
57
96
174
142
61
-241
67
-173
-286
63
76
75
50
-163
60
66
172
123
-100
-580
64
123
-116
-51
59
-94
-94
-320
-113
-50
151
-312
308
-111
-58
-80
-94
53
-77
82
-85
65
-128
72
-122
-364
-221
75
-73
71
60
-75
70
55
-86
-65
-172
-114
-94
129
-78
-80
-114
-188
94
-58
-100
-424
-98
219
63
-140
79
-53
-100
-116
-96
-156
53
-244
-307
-124
-263
-69
-89
-136
-85
-71
-67
-55
-90
-57
-299
52
-58
-91
-265
-300
121
-103
-57
-253
157
-50
-182
-149
53
107
70
-289
101
-248
-216
-226
-50
51
-110
151
69
53
52
-83
65
-52
68
-268
-112
78
-99
-84
92
-65
-130
154
-207
-88
-52
127
-542
-201
-282
51
-314
56
124
-71
-66
152
98
-684
-147
89
189
-573
68
-70
-56
-59
-54
-260
-72
-424
-224
93
77
-69
89
-55
82
-61
133
70
169
-54
-191
169
-90
-296
-182
-295
-51
-119
-87
86
98
59
-189
-299
-135
120
-348
-335
-90
-54
164
62
-77
-202
110
-50
-83
80
-656
-258
-97
-170
-80
140
68
76
82
-170
73
92
52
-127
59
60
61
-107
-83
58
-118
58
-56
-400
67
80
-50
57
-58
-70
-177
53
-154
-94
120
180
94
-225
64
-215
-116
181
-148
-56
61
74
-54
-62
62
-179
-78
-54
-63
-60
-530
-131
-534
-309
65
-108
-94
-96
-148
-78
116
-52
140
-57
91
-70
-244
-197
87
91
173
-182
162
80
146
130
-238
-223
52
91
-526
-58
78
65
-157
62
-64
-186
53
68
-451
62
88
-67
-140
105
-79
-270
71
-139
140
99
-81
-179
-71
99
63
68
69
-66
-80
89
-245
-81
-293
-242
-58
-60
57
-95
-181
108
129
211
-165
60
94
104
-98
-458
-250
-124
-159
51
-244
-98
-151
135
-56
-241
145
-244
-254
-67
55
-239
99
-243
-68
-148
-75
-105
78
-242
-62
57
173
-432
-67
-246
-54
-161
-104
-228
-85
-381
-227
-53
-62
-99
-92
83
152
-72
-290
116
-243
57
-90
104
113
68
-483
69
-108
136
-338
-75
-73
-59
-52
58
-110
67
-74
-210
108
165
55
131
-55
-259
122
53
61
-55
61
-294
151
-101
85
-52
-69
-78
-242
-240
142
-54
-71
59
185
84
-372
-209
61
-100
-95
-64
64
76
-169
-254
52
-55
-70
-54
74
54
157
68
-105
114
-249
-471
-61
130
-309
-59
-213
-62
102
87
-150
121
-678
52
70
-182
-119
180
69
157
-68
-65
-56
-348
61
-54
-114
72
-51
-296
-119
197
-253
-281
68
118
-99
-247
-87
85
-54
52
126
-65
-197
63
-265
-75
-100
-53
145
106
72
83
-309
143
79
-85
-84
-118
-173
-86
186
103
-90
63
-137
-132
66
76
-94
-111
-65
-88
-256
74
-84
-396
63
-259
-101
-140
-142
95
115
111
-335
-126
-160
-111
-53
-86
68
105
-248
137
-243
155
-208
-52
-218
-267
-65
81
-222
-50
-98
-100
-123
91
-64
-50
-62
60
98
86
-309
-87
-221
-113
72
78
-391
135
-71
-430
-239
-75
-76
103
-60
71
-81
-99
94
-457
-58
-250
62
79
-321
55
181
-58
-195
-76
-69
77
70
66
-98
172
-241
-172
-220
-51
94
128
-153
63
-243
-51
-271
-50
-120
150
-243
-130
53
-118
-348
-397
-62
-59
113
-318
51
-61
168
193
-66
-311
83
-204
-253
113
-97
-69
232
-80
-111
59
-154
-123
381
68
99
-59
52
-223
84
67
63
-51
-535
-60
-92
58
200
-88
130
-118
-265
-50
96
405
-144
-549
-122
-100
-61
-108
76
140
108
-60
92
62
-60
-57
-68
76
-82
-91
-478
84
-226
-110
-70
-126
-60
-50
-53
-62
-75
-91
-99
210
-265
-86
57
-75
109
-63
80
130
-241
-100
67
-60
-223
-246
-194
-83
64
-70
52
141
-249
-55
128
-362
50
-412
89
63
78
-160
-255
-52
-88
52
-54
130
52
83
-74
-257
-175
-93
-125
80
-143
56
-86
165
61
52
-250
-68
108
101
161
-131
-105
-105
-172
-120
75
86
53
-71
-51
63
190
173
56
-54
64
-322
117
-70
63
72
148
-69
84
-70
-214
-51
63
51
-127
-75
-114
81
-99
-247
-51
110
94
-359
97
-65
106
-56
52
116
-240
165
-70
-437
86
86
88
51
71
-153
135
-404
-416
54
-682
-406
-50
156
70
-280
-225
54
-94
-58
-54
108
-62
54
82
-62
154
58
-62
178
-77
57
-68
-63
58
55
-198
89
-307
55
-109
-57
-58
-239
-254
101
115
61
-249
60
72
-52
80
-217
-137
57
-136
76
65
-92
-96
-257
188
-335
-79
-61
-160
67
-253
52
-121
51
122
200
-70
-75
-62
-102
-115
-282
112
-244
50
69
-78
-237
-54
114
-166
-75
-250
-255
92
-240
-256
-85
-130
-404
-59
-117
-66
71
-254
84
54
-564
-529
-218
-261
-65
-158
86
-139
85
57
-266
-64
183
-186
-68
-254
-147
-272
-184
-196
93
-67
-148
-162
78
63
-50
58
120
-389
-283
-210
-238
53
-59
-192
59
-229
-350
-284
-75
-286
-64
-86
168
-122
163
-98
-336
-56
-174
-119
142
-298
-224
107
181
-140
112
120
56
-66
80
99
70
112
120
-109
-109
-52
56
-108
-251
103
-349
93
-74
-376
-96
-68
181
-53
-84
76
-275
91
-74
117
103
55
-317
64
84
-223
-236
127
-53
-51
91
176
90
92
-72
-125
-101
-108
-51
181
-68
56
56
127
-82
-84
-74
129
-66
125
-56
-133
-64
-164
-60
-257
-292
62
-127
-259
115
69
160
-106
-65
-76
-398
-81
-134
-241
-327
-51
85
-100
57
-328
-131
53
-64
54
-52
-250
-80
62
-108
-50
64
-276
-226
-86
-225
-102
-78
-68
-196
159
59
-80
70
-254
-395
-163
-52
-57
-56
-57
-98
157
74
-78
-294
76
-337
-139
-78
-76
68
83
104
-66
-54
53
-54
127
-79
-88
143
75
-104
-230
147
98
77
-269
-224
-201
-444
69
152
-203
74
-51
-99
56
-401
-228
-50
-54
-302
-236
-107
-129
79
-99
-76
-214
-246
-59
94
-324
60
-317
-128
-257
79
-51
-472
-84
-259
60
98
54
-292
58
-164
115
-93
-239
56
-231
56
-53
-338
126
-73
-205
-383
119
-57
57
53
77
-256
-95
-297
-110
60
103
-405
-299
-286
-115
60
-213
-60
-64
-108
52
128
98
51
-73
101
-50
194
51
93
-237
-223
57
-258
-240
130
55
71
-163
59
-56
-54
-402
-668
104
-225
-86
83
100
-51
118
57
-121
75
-62
82
-52
56
-58
-63
-84
-106
64
-58
120
-57
65
89
-211
116
68
-94
-251
81
66
56
-173
-157
-246
71
-57
-97
-69
-108
-255
188
51
-242
-52
73
-248
50
56
-84
71
-312
145
119
50
66
-73
-81
-126
-54
-61
-181
125
-245
124
-63
-54
114
-274
-253
-55
110
66
-111
62
-149
-71
-265
-440
-56
-244
57
-73
-279
-53
-245
-252
-56
-376
-84
-244
-78
-574
166
-243
54
-129
71
-58
-82
78
69
-216
61
-68
-307
90
-71
94
67
68
-93
59
66
169
-53
56
115
68
-220
173
54
53
-97
-55
-307
-51
159
181
60
96
-176
88
-78
-244
-196
-99
79
-123
-161
-271
-94
85
158
-255
-258
-72
-100
-122
98
-106
-258
70
135
-59
-174
-65
72
-88
51
-75
-72
62
-350
-136
-217
-218
-84
-391
-186
-98
-76
-183
-470
70
-536
77
-283
52
114
-160
-143
112
-76
-301
64
106
65
-244
-185
-85
81
183
67
291
-58
118
-181
-153
-93
-229
57
-147
-96
-251
-244
-127
-259
-181
-92
-170
58
-102
133
146
90
-262
95
-672
65
87
-336
-168
52
-315
61
-629
-99
135
-250
72
63
-71
112
69
82
-245
-239
79
50
-328
-98
-315
60
-74
-578
-93
-71
-100
107
80
-104
-214
171
-342
-61
-462
-272
-237
55
129
-171
190
-147
152
-187
53
-167
-94
-100
-52
175
-259
-622
-64
-304
-215
-55
-59
-63
65
-70
-184
60
184
129
-88
-244
-250
-79
-101
-74
-63
95
-222
75
-253
72
-311
-282
-311
61
-240
137
-256
58
-50
61
244
-239
-144
91
-245
98
-96
-127
57
67
-157
55
138
-245
52
-259
-393
-102
95
97
69
-141
-490
62
-62
52
125
120
-271
-246
-129
82
111
-134
-65
52
-106
51
-143
-223
51
-149
85
137
-52
103
-105
-144
199
-58
-57
-116
137
-159
72
105
-259
-264
-54
-61
-73
-66
58
-80
64
-83
64
157
81
-197
72
75
-258
77
78
65
-60
-62
-63
-85
56
56
61
155
-166
-321
100
-239
-302
55
-259
-52
-55
-234
-237
-54
-149
152
80
-240
-271
-58
-84
-142
-193
159
-108
-58
-75
119
-248
-376
122
101
-341
-203
-80
57
-396
-166
-96
-255
-229
116
-80
-111
-408
-58
-247
68
-174
90
-50
-397
-113
66
73
-193
93
58
-257
-94
-65
-78
-114
51
-75
129
74
-95
-297
137
-380
107
-77
112
63
-415
-56
-67
-72
-61
150
-148
-162
-68
-122
63
107
90
-162
51
-77
-86
