-128
-150
-299
-95
-52
-78
-251
-230
-59
-144
-83
-57
-230
-253
-63
-65
-60
-259
-239
-87
-184
-75
-223
168
-88
330
-56
-52
-69
-156
-57
-52
52
-56
-81
-85
-59
149
-544
-79
-201
-82
-51
-155
-88
-63
-130
-90
-154
-157
-109
-235
-95
-252
-142
-405
52
-233
-137
-80
133
86
-190
-411
-84
-331
-360
-66
-82
-71
-107
-353
-124
-301
-624
-190
-130
-278
-143
-64
-171
-96
-58
-152
-132
-86
-82
-53
-208
-208
-295
-113
70
50
-62
-244
-74
-79
-70
-91
140
66
82
-120
58
-459
-241
-98
-99
52
-147
-323
-190
-102
62
-243
-109
-62
76
-105
104
-103
-50
64
74
52
-250
139
92
-53
-63
-57
96
76
57
-251
-272
-53
58
-277
-91
-60
-98
-137
-105
-62
102
-109
90
64
-235
104
-252
-377
-264
-52
-253
80
-160
-66
-340
-51
-126
66
-60
-63
-182
74
-250
-53
-54
-279
141
114
-60
180
-203
-70
-59
-197
-254
117
-65
111
-287
-250
-256
51
163
70
65
57
60
68
-129
-66
-261
-67
-237
55
-328
-252
-246
-89
60
66
107
79
-150
130
58
55
74
-282
-61
58
111
-123
-241
-109
-53
-59
127
90
-52
-79
-121
76
164
-53
54
77
115
120
113
57
100
91
-166
55
170
72
-252
60
53
-406
-62
-110
-55
114
-209
-259
84
-92
60
-51
51
-235
72
-106
-55
-119
146
-197
-69
-191
-240
-67
-246
-63
106
-157
-197
-339
-53
-95
-111
-167
-241
-67
-784
60
68
74
56
-265
-245
-244
-244
-221
-97
-74
116
119
-120
-71
-142
-105
-52
87
122
-81
116
-68
-57
-50
-61
-54
62
77
50
-84
-50
-52
-424
52
107
88
-72
-299
102
135
-317
-243
-56
59
50
-61
-661
-215
-55
-244
138
50
-241
51
-314
154
-252
96
-97
-148
87
-261
-53
-51
100
-114
56
-314
80
66
141
66
71
58
-66
83
-318
-159
-60
72
59
-52
56
-244
133
-281
-222
159
-128
-172
-80
75
-82
-194
-107
-176
-51
133
-175
-60
-69
-55
-66
51
61
-259
-241
-75
-182
-242
-159
53
83
163
-421
64
-241
71
-86
-232
81
53
-238
167
-125
-342
-106
-57
82
169
82
111
-108
-96
-224
-239
-52
-80
-68
50
-194
86
120
97
-74
-402
-231
53
-74
-58
69
52
-54
-113
65
-330
-267
-108
-54
101
-209
-72
92
50
-61
-50
-64
-444
-235
-66
-92
-357
130
61
-77
98
51
-65
-307
-298
-65
-99
-60
102
-166
-62
-204
-167
-69
-123
-80
-115
-68
61
70
-119
-217
64
101
-946
-237
61
-51
-219
-491
-205
-79
-412
-531
-53
-303
-56
-236
-118
-275
-151
-76
-50
-60
-113
-198
-348
150
-120
-207
-97
110
-106
-317
-246
-56
-62
60
-60
-52
-163
-63
-261
-50
-250
63
119
-124
-94
-90
-62
69
-59
-64
78
-87
-351
61
-73
-104
-88
-57
81
-250
-158
-181
-54
52
-83
-52
60
59
154
-80
-67
-63
-52
-56
-220
144
-55
-247
-242
-217
-81
67
-53
-59
168
195
-124
139
-134
-187
112
-177
113
-228
-70
65
216
-143
-79
-257
-78
60
-60
57
93
168
72
-88
75
-50
99
-50
-52
196
-259
-243
-517
-140
138
-210
-62
-83
-65
63
-60
-50
-105
79
104
94
-181
128
95
-54
-58
-193
73
66
-55
92
-89
62
-83
106
93
-227
-354
119
-161
-275
-88
-162
-245
83
-91
89
-60
-187
-55
-147
80
64
-72
74
-58
-211
109
-110
-96
-76
-305
-50
122
-73
78
-50
101
-53
-60
-253
-138
55
-127
-59
58
78
-77
-52
-287
-161
50
109
64
-91
125
209
70
63
-70
-119
-163
-59
-61
-54
-107
94
52
142
67
-51
-247
85
-314
194
-115
-241
66
-160
66
152
170
57
-180
-81
68
84
-66
62
-263
-72
54
71
-107
-106
-52
-227
-58
-379
125
-371
420
208
-565
110
133
67
-423
-115
-51
-57
85
-243
-58
-382
123
73
-53
-85
81
63
58
129
-320
57
120
80
-245
-62
56
-125
-125
-189
97
-73
-50
-52
-51
-124
-246
82
114
-122
57
198
-111
-56
-68
108
75
124
78
-50
-75
101
-195
88
99
-57
55
104
72
-274
-54
-64
51
56
54
-86
87
67
-103
-57
-235
60
97
-115
-244
82
-244
-271
-238
92
161
-100
-65
161
-124
-343
90
-83
63
135
-66
93
172
180
170
153
61
61
-296
132
-152
118
213
154
-241
-243
-149
-258
94
-327
-106
-60
-62
-168
96
-424
63
-350
-263
-264
-244
81
55
-53
51
-117
-318
-256
114
92
-93
-60
-50
-65
-259
-250
-381
69
-247
121
-181
61
-269
52
55
-58
-272
-240
-259
176
78
-55
-88
122
-210
77
-225
-272
-268
55
-68
180
-703
-127
-78
-51
64
-67
-232
-242
82
220
-138
-52
-178
-57
60
-58
-290
-249
-249
139
59
-300
51
-54
84
52
-51
138
-117
-67
-56
102
-92
-226
-135
-59
-241
-76
52
-250
248
-348
-54
186
-52
79
-65
-251
-319
54
-200
-264
-230
-280
-97
104
58
60
-650
72
164
-244
-59
70
-310
72
-208
123
-247
-258
-413
-51
70
102
-135
59
95
-418
-120
-106
208
-77
-53
-108
-55
123
132
173
81
152
-149
-147
-60
172
-153
54
-102
80
-350
-118
-126
75
-162
-132
-116
-105
52
76
-50
-156
-123
-128
152
-64
78
136
-52
-186
-310
-247
66
-472
-95
78
93
-155
-76
-275
92
-50
-53
-266
-621
124
-188
-70
-57
-210
-181
-105
-52
-137
-60
-90
-88
-117
-106
-444
-132
69
-268
-489
-50
51
-60
-139
-106
204
-81
-62
80
72
-182
-88
-133
183
54
-269
-247
-293
88
-85
-117
-54
50
-174
-140
61
-155
-102
-58
-260
149
61
-71
-88
-165
-319
-54
-60
91
-75
63
-54
-69
-122
-62
-152
-66
-80
-308
-79
-204
-145
-136
55
96
-184
-147
-201
-185
-61
-57
-64
-54
57
-115
-183
-107
-474
-57
84
-100
66
66
-244
-103
-53
56
145
-243
-151
-73
-242
-50
141
-261
-457
-123
51
67
106
-75
-102
-541
63
115
-50
-237
-244
-83
-70
-60
71
-88
61
-168
-75
-260
-65
-54
-259
-278
51
-221
-73
-142
-51
-60
-248
84
-154
-324
-110
86
-397
113
141
93
-104
-259
-209
-246
74
53
-87
-239
79
60
-238
-59
55
54
191
67
-146
-52
91
-59
180
143
71
-60
-257
98
-238
101
67
50
-233
112
91
97
76
-256
-225
62
83
-138
71
-357
-97
96
-68
-489
-280
-55
-386
-383
-69
50
-114
-195
126
-240
-126
-80
-79
-241
-57
-190
53
69
58
-52
61
114
-78
60
-85
59
62
-120
163
91
102
-273
78
-60
50
87
197
-243
-64
83
-69
-109
59
75
106
-669
-250
-68
-73
-285
-87
-377
57
59
-193
-249
-122
53
78
-81
-50
-61
51
-173
172
50
-269
-122
-291
-74
138
-53
-278
160
-553
134
81
-136
-256
-120
71
151
62
55
102
-62
-314
-113
-354
-69
-52
97
54
-55
57
-51
103
-52
80
-66
60
-89
-245
-199
-51
-243
-247
54
-287
147
-250
67
186
-243
-90
-240
201
-79
-200
-50
-125
87
59
-50
109
-223
87
-108
-308
-88
-248
-245
-86
-334
-230
-235
-112
50
-122
155
-181
50
104
70
-50
-116
79
-126
99
-182
-495
56
-264
95
64
-270
112
-243
-66
54
-128
54
56
-89
-86
67
54
-240
-243
-53
-50
60
65
-203
58
-74
-239
-77
-121
69
104
-242
-102
116
77
71
74
-184
-320
-67
-259
160
-257
73
-90
-144
-51
-285
-242
-241
-84
56
-72
-558
-289
-328
-225
-635
76
85
150
82
-128
104
-64
-329
-54
-59
74
-296
114
-251
118
-202
-90
134
-429
-50
-73
54
110
-69
157
-51
-116
-240
-85
-296
-245
62
-363
58
188
-109
-305
-134
108
112
-281
51
-54
136
-236
-244
62
-71
50
-77
-381
53
-51
-50
55
55
97
89
-61
82
147
-286
-252
-56
128
132
77
50
-248
68
-526
138
-216
-181
-64
56
79
53
51
-224
-238
123
-259
172
60
88
-50
-55
-75
-248
-262
-96
-113
-113
-257
-60
-296
-271
-174
-210
-349
-176
-308
-293
-218
-54
-53
-156
-408
-71
-214
86
-104
-136
-51
-73
70
-175
-270
-59
-158
-95
-66
70
211
-92
-178
-172
-204
-269
97
116
-113
167
-89
135
-345
-566
-93
-94
-115
-60
-447
-99
115
-54
-86
-53
-113
-52
-58
-50
244
56
-126
-87
-78
-153
-627
69
101
-853
76
-330
-92
90
58
63
-53
-135
51
-325
-631
-198
-238
96
-120
-256
-167
-77
-53
50
63
-191
-87
-231
-215
54
-281
-51
-160
-264
-368
-50
-52
-60
-143
-137
77
-86
-457
-60
-61
-60
-80
-419
86
-83
-122
69
66
-60
-51
-92
57
-129
-88
-66
-143
-62
-56
-388
-57
-135
-98
-53
-197
-188
76
-62
-52
-111
-55
62
-50
52
-127
-61
130
-203
-160
-54
-188
103
-128
67
213
-83
157
-194
83
85
-52
70
-123
-90
-124
-134
-83
-164
-107
71
-73
-54
-56
-52
56
71
123
186
-52
-202
-65
-217
-236
-56
97
-60
-164
51
65
54
-79
206
-68
127
71
-379
-97
173
52
-110
90
-69
168
64
-354
-133
135
113
100
-51
58
-50
89
-91
-150
-255
81
112
-130
-203
81
59
-331
137
-255
-488
85
64
-139
142
61
-340
-184
92
108
53
-96
157
182
-53
89
-181
80
-56
-239
-372
-55
-62
87
112
58
65
-54
79
78
103
-94
-137
-64
-338
-73
151
-57
-93
79
-56
-242
-107
-51
-101
64
-95
-324
-57
-50
-260
-240
80
-54
77
-570
50
-61
-235
-52
-77
-319
127
-244
-64
-58
78
-130
119
-294
-115
-220
-472
-167
-125
-413
52
-64
79
-185
-53
122
-106
-94
67
-84
-101
51
-262
-79
-246
-82
-150
58
-245
60
146
58
-72
-151
-84
54
110
-240
-123
-121
-51
207
-79
70
68
-74
148
60
60
-59
-84
133
161
103
-60
-61
-82
-68
88
81
-103
51
-257
-90
100
53
-142
-61
-256
120
-235
102
-280
92
-97
-71
-140
97
83
-321
-132
-137
-83
-455
-252
-76
-105
-185
65
-175
112
-57
-62
80
88
104
133
52
-175
-249
108
-86
-178
-305
68
-97
-102
-152
-83
-147
-74
-90
208
-78
-70
-259
148
-253
-261
85
56
-60
64
60
140
54
98
71
67
-73
-67
-60
109
-51
-59
-79
-63
57
54
-300
-205
-242
-235
-60
-261
166
-244
-261
-430
-189
-88
66
-150
-168
50
-344
-84
77
134
-69
-58
-228
-86
-50
61
131
-128
98
99
52
70
-74
99
-250
-92
-77
172
-58
-61
60
-244
-239
154
70
-50
56
51
-237
118
-95
-121
-57
-67
-149
-258
-164
-54
-145
-287
53
95
-53
-50
100
54
-52
92
50
89
-86
-50
90
-59
91
-59
-255
-304
-151
-235
100
-114
109
-207
-466
-191
-239
-263
119
-221
-241
93
-53
102
149
-368
-259
-313
-309
-64
-50
-225
-331
59
-63
149
-116
81
-673
-341
-56
-90
-116
66
-209
-53
-97
-675
95
-186
113
-151
-162
-109
-119
108
96
51
-198
-64
-54
-52
-257
56
104
-56
65
100
123
70
-340
50
122
-257
-54
-384
-75
109
-337
70
-64
59
-50
171
91
73
82
106
-114
-54
-388
55
-246
-194
55
-255
-488
51
-63
71
54
-255
-148
90
-165
-245
-76
-243
127
-195
-255
62
-256
-243
-144
83
-68
-242
64
64
51
-66
147
70
125
-250
-58
-60
-216
70
96
-82
140
96
78
180
-163
-79
81
-267
84
-221
57
170
142
101
-262
-50
121
-191
90
156
-119
66
-55
71
-82
-60
125
-255
-258
-295
-167
-51
-254
73
-64
-184
-58
-105
-270
56
-126
54
73
59
85
85
-51
-140
-92
74
-96
193
-256
144
60
-54
-243
119
111
-328
52
-53
75
-245
101
-56
101
-186
-107
79
-245
65
54
78
-79
-68
-93
103
-250
-244
194
51
-234
-173
63
-124
123
-53
78
87
-240
73
-221
105
77
79
-60
173
146
51
-259
61
199
-63
-50
-56
-242
-77
62
-241
85
89
50
-132
119
-310
-215
-66
126
-93
-243
90
-52
-251
51
68
119
-77
-248
-256
-98
-460
150
-196
82
78
76
101
59
114
101
61
178
50
-86
70
79
55
100
93
-254
145
77
-206
94
-53
54
102
-375
-71
-152
-50
-198
-112
-83
-559
-89
140
102
-100
81
67
-85
69
-51
-175
-161
-149
52
73
155
-50
116
-72
55
54
-244
-54
-66
51
-243
-165
-182
154
-271
74
-52
-268
-56
125
-100
91
-251
108
-140
-73
64
-67
-75
-224
152
-140
85
-58
-312
-59
-94
-130
140
74
-193
80
51
-75
-123
-54
-152
-127
-55
-137
-177
63
107
-162
55
-187
-391
130
-50
-226
-75
-55
54
644
175
-315
-52
-75
-112
-78
72
-106
-96
-72
119
-157
-219
-149
62
-331
-185
-511
-197
-69
-202
70
-223
-223
-123
59
-140
-64
-144
114
-672
-68
-69
-319
-237
151
-336
-125
58
135
-243
-64
-582
-55
-167
-69
115
-50
-50
81
72
-56
-168
-169
55
-52
81
92
217
235
-240
-103
-140
-130
101
-146
81
404
-96
-183
-172
-223
186
-165
-72
69
51
-327
74
-138
-110
-77
333
75
-116
112
-128
-60
105
-98
-161
79
-141
-294
-92
-181
-113
-83
-67
-250
-52
-189
-342
-373
-120
50
-487
114
-610
-600
-122
-170
53
-176
-55
-88
-402
-80
-52
78
-189
57
-358
80
-68
-274
-151
-56
-152
83
-89
112
-325
58
81
92
-54
-50
-133
-186
-246
-58
-223
85
-246
-238
-218
60
-64
-110
63
125
-322
-69
-210
140
130
-66
-93
-299
85
-288
94
53
-56
57
105
104
-50
-233
-133
-267
-59
-51
67
94
-61
-62
89
-254
-246
-65
-52
-209
-64
-316
102
50
-81
-109
-155
71
121
80
-313
145
89
94
-265
-61
-210
-149
186
-77
59
-50
-72
-146
-88
91
103
-95
-201
73
169
-130
57
-64
-78
-63
-257
-277
56
-191
125
-126
124
-400
-60
-141
93
-109
-196
-116
-186
52
-50
-250
-267
-242
-165
-243
-255
-319
-50
78
-59
77
-246
-192
-61
-438
-243
194
58
-242
-170
-338
91
-319
151
-514
175
-87
-72
89
64
-60
162
-84
-318
62
-162
93
-248
-243
96
117
-282
-339
112
57
-54
118
82
106
-240
81
108
116
52
127
-63
188
104
-140
68
-262
198
-50
-243
-53
-76
-126
-62
-208
-257
50
-119
-79
62
58
162
-108
-55
-321
57
54
57
125
-54
58
75
-325
-58
-145
-244
-285
-283
94
55
-247
142
89
-168
53
-246
70
-112
-382
61
56
96
-153
57
-84
77
-111
97
-259
132
52
-114
-60
74
-247
64
51
-549
-92
103
-187
50
-52
102
-69
-189
71
111
-106
-130
-390
-213
-151
-105
-52
188
-54
-72
54
121
-118
-247
-76
193
168
177
-149
-573
146
-190
-267
-484
-321
-96
83
-170
-76
-52
-244
-51
53
-102
52
-250
59
-62
-219
99
-380
-165
-180
84
-391
88
-62
-135
-68
102
-103
61
60
-146
-360
164
-54
-62
163
68
52
-807
-98
-55
103
95
93
-130
-108
114
76
-57
-187
-114
73
71
-237
-61
90
88
-137
-210
-147
96
-82
-54
-100
132
78
-53
-110
-310
-69
-226
-97
-364
58
-502
-168
-51
52
82
-373
-323
90
-79
-354
56
-76
-211
61
-114
-206
85
-148
-108
128
-89
-60
70
-77
133
-75
-56
60
-61
-140
-78
79
-55
-97
-64
-68
-191
-63
-70
-60
-50
55
-107
-133
-204
-109
-84
-197
71
-56
-53
-459
100
-463
-161
-189
-105
-112
-64
-179
-359
-69
50
-67
-109
-108
-54
-150
-54
-212
-64
-89
-60
-55
96
-52
-76
-119
-63
-142
-70
-286
-326
-79
-197
-64
-224
-169
-247
-55
-61
-454
-322
-366
-161
-413
-141
-155
-168
142
-146
-352
-99
-98
84
-148
121
-246
-57
-383
-84
-66
-97
-110
-294
304
-56
108
-64
-87
133
-56
53
-95
50
-226
-312
101
-63
-307
80
72
123
-80
-111
-54
278
-88
-128
59
-165
54
-331
-133
-138
-299
-305
63
-118
86
182
60
-65
54
156
156
-155
-89
148
-96
136
-75
-84
-84
50
-165
64
-154
-96
-115
-204
-276
-86
-76
140
-230
-52
-118
64
104
-76
51
-404
-68
57
58
-73
95
-200
80
62
-159
-111
-396
-103
89
-132
-62
-200
-106
-52
-62
-110
104
-52
-278
-115
-285
-242
72
-72
56
-158
65
-52
68
184
84
-57
-64
-62
-285
-102
106
-87
-84
56
115
-87
58
79
85
194
-173
206
-133
66
85
-64
-251
-169
95
-308
-257
56
-174
-53
56
-68
-56
-152
-191
-233
-71
-173
52
89
-310
80
135
194
-70
-495
-54
-287
-71
-76
-81
136
-93
64
-62
177
-246
-193
-52
-78
111
-233
91
60
52
184
71
-287
-225
-356
156
90
-76
-53
-243
136
70
-72
52
70
-64
-54
-197
-131
-80
-112
-131
-243
65
-104
60
-52
-59
-150
-249
-62
68
-248
63
182
-252
-248
144
-289
-127
-129
71
-103
107
-88
-63
-72
-372
-152
68
-119
55
71
-59
-167
82
89
-332
-84
-91
91
106
77
-363
-158
-62
-73
77
-60
-298
111
139
92
52
-321
123
-73
54
82
-52
54
-72
98
-244
-54
82
-135
185
-163
95
50
-245
-244
-240
60
-75
-260
-171
59
-149
66
58
67
-98
-84
74
-242
-401
-51
64
-123
-57
-242
-308
-287
-56
-103
-56
153
-91
-94
66
-214
-91
-173
-146
-236
-83
-256
-258
58
-63
-244
-53
181
-222
-92
-101
-142
-288
-54
-52
-374
-164
71
162
162
-258
-52
-250
107
88
-65
72
80
79
-185
-247
-455
-62
139
56
-95
61
67
62
67
-94
-59
-574
57
-56
-66
96
101
-268
124
56
-55
119
-152
-162
-83
-142
52
69
82
58
-185
-51
-52
-58
140
-63
76
-243
-246
-149
-500
-144
59
-54
-242
-84
-186
-238
60
81
-103
57
71
-120
79
120
63
-240
-106
-216
-250
-50
72
132
-185
-63
64
101
-88
-57
-391
77
197
103
50
-51
-87
126
78
118
81
-243
125
-75
-228
-176
-81
69
-317
-238
-205
-65
-53
-59
61
-129
-243
102
-367
-773
56
-55
-77
-487
-239
103
-72
110
56
-245
-158
56
60
102
83
-50
62
93
-104
-98
-137
-144
-289
-130
-86
51
138
-169
55
-186
-66
-163
-123
133
-579
62
-65
-115
84
52
-126
-50
-62
92
-174
-185
-190
-216
-143
-89
-97
-154
-85
-62
-89
-75
-61
196
82
-192
92
121
-55
69
-55
-54
-100
69
-58
-53
-79
-87
-100
109
-72
-233
-62
116
-56
136
59
-74
123
84
-339
62
-73
52
101
-102
-320
55
-122
-53
59
-80
-250
-58
-189
52
-399
54
92
-116
-71
-150
140
65
-120
-129
89
-105
94
-241
-147
82
-58
-260
-166
-216
-131
82
-51
102
68
189
70
-82
-174
88
-50
-160
-110
59
-81
-158
-107
59
-68
-155
-248
52
-53
218
-52
-70
145
88
-76
-330
58
58
-452
-55
111
-128
54
-74
78
60
-267
187
-123
-172
-249
63
-393
-250
-330
79
64
-65
-263
-245
-220
63
-585
95
-56
73
-180
-157
-52
-170
-50
-113
119
136
-142
118
-505
-205
109
169
116
-115
-52
55
116
-262
-124
-334
-206
175
-50
91
-96
149
-73
-54
93
75
-70
105
-153
-71
-60
-53
-66
51
88
-140
114
59
-222
-67
106
-53
-97
-260
79
95
56
-251
-248
68
105
55
51
-253
-52
-270
123
-311
52
70
102
-86
160
-242
-259
52
-62
68
100
-89
-244
-126
202
125
-245
-230
-124
172
51
83
-243
-90
-150
80
-166
-95
-89
-137
120
-53
94
-129
-78
64
-83
-256
-171
76
75
-55
87
-66
-137
-246
63
-238
156
76
63
-60
-250
-58
-64
-266
-244
-352
81
-310
-99
87
123
-158
57
-101
68
98
92
124
-259
-206
-53
116
53
-65
68
-78
70
76
-54
153
130
65
-321
-110
118
52
91
75
68
58
-75
-245
-95
-117
-108
-243
-374
-152
-58
63
85
60
-50
130
-247
-239
64
-470
82
-240
70
-279
-301
-217
198
-54
61
58
115
68
52
-371
-99
-132
-296
80
-55
-469
-248
54
-112
123
-75
62
-240
-67
-102
-229
-241
-245
50
86
55
-367
93
69
-94
-55
-108
-50
-64
-184
-64
50
124
-251
-57
-248
-246
94
-247
54
-57
60
-179
-266
-129
53
-51
-50
-143
-230
-95
97
68
100
-54
-305
92
-70
-53
-259
-92
55
-171
63
69
92
-52
86
-178
-294
55
57
-295
61
55
75
-166
-551
-86
-438
-79
-183
-73
94
-51
136
190
76
-265
-236
81
176
-69
-269
-67
175
-145
-58
-57
-638
-257
-140
-57
143
63
-286
71
-76
-64
59
-445
-545
-98
-62
-181
137
56
71
75
200
-151
54
51
-75
113
-168
-65
150
-239
-55
76
-380
105
-254
-292
55
-179
-158
-360
-161
-118
84
78
-65
-190
120
90
-125
92
-51
-206
-97
-86
-100
-83
107
75
-315
-61
51
-59
-78
-54
-133
51
-58
-179
-320
64
136
-90
67
-114
-66
-249
72
-197
-613
-74
-168
-131
67
52
-251
120
-56
68
67
57
-211
-256
62
117
-391
-231
52
-98
-170
-177
97
-242
-242
51
-560
98
-321
-73
-361
-54
87
113
131
-62
-115
-88
89
-84
-51
73
-58
56
-50
-199
74
-183
-236
-50
-277
-50
-195
80
-250
99
-181
71
60
-257
-189
-219
-51
85
-52
-168
119
-146
97
-146
-55
113
-240
-80
-145
139
-210
-156
-86
104
-126
63
-52
-123
91
52
-320
-170
-70
-72
-82
-103
-247
-200
-67
-70
94
-153
-136
94
190
-284
75
-98
-203
103
-131
78
-131
-52
-50
-81
-246
-248
165
70
-61
66
-93
-57
-242
-275
73
72
53
-257
-151
-52
53
96
-60
-242
131
-65
-261
50
-101
109
67
117
84
-79
59
-61
-247
-124
180
75
-115
-94
76
57
80
-51
-251
-243
-59
-50
-90
-315
-247
51
-133
-86
-87
-328
53
-258
149
-111
-52
-258
55
162
-73
74
55
106
103
-341
-160
-113
-73
-61
139
-69
119
-228
89
-70
-78
51
-208
-557
-72
51
-247
-199
-170
-76
-78
-102
-241
-54
52
-355
-99
-51
-241
85
95
54
-105
-174
137
73
-50
-98
61
-76
74
87
-88
58
-112
156
188
62
-51
-102
117
-56
-65
50
-127
-96
-394
59
57
-178
-107
-56
-136
98
-83
-65
87
-62
196
-242
-51
-244
-54
-70
-468
-367
-587
-194
-178
65
96
50
-59
-66
62
-82
-57
-132
-128
62
87
52
63
-59
-153
-218
108
-223
53
-112
-245
-399
-59
-193
82
100
-96
60
-130
-73
-62
59
-973
-106
97
114
63
-387
129
134
-159
-195
87
-65
-133
90
80
57
-66
-432
-63
-311
54
-70
134
134
-66
60
-51
-106
-55
-173
65
84
63
-87
-66
-476
-161
140
-120
64
-68
50
-56
-53
-148
107
-85
-111
153
-123
-130
-180
-141
-485
-63
-52
164
-77
-60
131
100
-334
-270
-177
-240
-138
60
-312
-82
52
-83
-120
-115
-500
-264
-50
81
-94
132
-54
97
-101
56
-55
72
-342
-311
-305
-56
-191
-132
140
-75
68
63
209
-53
-230
-50
-220
-95
-534
-74
-79
68
-105
77
-140
-89
57
-103
-69
-58
-335
-417
65
-102
-390
-136
-51
-56
-83
-141
-259
-75
59
57
79
74
92
-58
-127
-271
125
91
-313
-67
-57
-100
-270
-76
59
150
-77
-187
109
-156
-92
114
140
-294
-82
141
-190
115
-325
53
-55
169
198
-80
-245
-184
200
58
-55
-68
69
-108
-55
123
-50
-266
111
113
63
-298
58
51
-237
-80
-64
-56
-197
-85
-230
104
-75
63
145
172
108
-249
98
-104
-133
-75
66
77
144
94
-62
-81
-59
315
-87
62
183
-235
81
-56
-141
59
-77
51
-129
58
-72
-59
-60
74
-51
110
159
73
54
-195
-261
-345
-55
75
-69
-321
-301
-236
59
-56
-120
-100
-249
-70
105
148
115
99
-168
108
-453
-165
-64
58
-349
-71
74
145
-252
-244
-449
-115
-171
-244
84
-62
-71
118
-248
61
-62
-245
-91
-84
68
-140
-316
79
112
-85
-54
-111
-55
-143
-146
-59
91
166
57
-67
57
144
-110
-113
61
109
84
80
-187
-73
-410
135
-56
58
-194
-76
-261
129
-61
97
-56
-185
-242
-61
-51
50
-262
-238
-216
90
-50
113
64
158
-85
134
-134
56
67
-135
170
-315
92
-92
-322
-70
-67
82
160
202
-80
-54
-368
-169
67
-257
106
-239
-123
-249
126
54
-59
-82
-250
-51
-244
-245
-143
94
-263
183
130
-60
-368
171
54
79
-77
-174
102
-84
-399
205
-65
110
-262
51
-240
55
101
186
-77
-247
-158
-112
-94
168
-400
-321
-135
110
66
103
103
-54
-237
-154
100
-369
52
-242
-51
-118
-215
86
78
56
110
80
68
61
-152
-148
-243
-64
-359
-63
-143
51
62
-171
100
-376
-121
52
-99
78
62
-319
-54
99
-89
123
169
56
61
-81
117
64
-83
-335
-104
66
-188
53
-176
-242
-492
-88
-142
166
-114
161
83
-214
170
190
-246
113
-177
-53
81
-143
176
112
-258
-63
-117
-62
-64
-311
-250
168
115
-201
80
-152
-51
81
111
54
-267
-396
163
89
-194
114
-69
-238
60
108
58
-61
74
156
-275
-68
51
-594
-247
52
60
-381
64
99
-51
-248
-213
50
-90
-61
104
-285
-228
-85
88
-111
-288
-145
-465
-286
136
-359
99
74
-57
-124
-50
-266
55
-103
-246
-118
73
-282
60
-55
-86
-99
-58
52
50
-121
-110
-248
-56
-96
-349
-111
-225
-122
125
-56
-435
-194
-167
-101
-62
-110
-84
-90
-66
156
-241
-112
59
77
-531
-252
-265
-144
-76
-59
-50
-387
-261
-122
-77
-57
62
-64
-51
54
324
96
-272
-118
-132
-229
54
-179
129
-179
-50
130
-143
69
94
-54
94
-97
62
133
198
-121
240
-197
-104
-389
95
-287
-240
-59
-187
-72
-75
-101
85
-60
-258
-109
-244
-262
-302
-163
53
-104
167
165
96
53
-247
52
-232
80
-54
172
-78
-54
-50
-67
59
-87
121
-60
-95
103
-240
-271
-270
83
-148
56
-134
-138
-239
-79
62
-67
-390
-52
57
61
-147
-116
-110
-97
75
-64
-200
-55
120
-217
55
175
126
-229
-145
-368
-131
-590
-240
120
-259
109
-77
-183
179
54
57
-150
107
-240
-69
-218
-299
-246
66
-220
-356
-170
-55
71
-100
-771
-50
-175
55
-92
-51
-70
70
90
-200
60
-423
-460
-247
-52
-104
78
-265
78
121
122
53
90
102
-245
-306
-96
85
52
52
-668
-65
117
-74
-152
-327
-349
-93
-90
-103
139
-243
-147
50
-54
133
-238
-147
96
-252
-364
-203
50
-85
-51
186
97
146
63
-58
-245
174
-313
116
-128
-116
114
87
-58
103
-194
-515
72
-114
-73
-99
-198
-58
-117
-66
183
97
-62
104
-78
-92
-54
-271
-266
-373
-257
-304
106
-243
-94
72
-142
164
-289
-194
114
-99
-90
-238
-55
-137
-187
-54
60
-72
50
-295
68
126
-145
-51
59
-89
92
80
-54
51
-64
-66
-194
103
-249
-64
-313
143
87
67
-132
-250
69
169
-221
-54
153
-119
-135
88
71
-251
55
-169
-200
-246
-250
-52
-82
-60
-239
-62
57
50
77
-61
58
-397
87
145
173
-81
96
116
70
80
98
-115
60
85
-64
-71
160
-198
-185
-75
55
-121
-123
-254
-61
58
-251
-143
74
-242
-180
211
-258
52
59
-131
75
60
61
-70
-267
-262
-57
87
-321
-101
-275
-209
-119
-241
181
50
60
58
63
-193
-58
152
-77
97
-91
107
68
-52
-276
-66
-201
-57
-104
-167
-307
177
-244
137
-179
-270
-119
-285
-175
90
-59
67
-60
-85
-246
-203
-494
-77
104
-309
-69
108
50
72
91
-245
132
-56
71
-156
-69
61
66
52
78
74
58
-69
-68
-308
154
-84
74
-110
-68
-113
73
-339
-276
164
-118
61
-135
-182
88
-210
-50
-56
-508
-356
-353
76
-53
-194
-158
-247
53
-60
-147
58
71
-418
-104
-355
50
175
-51
-55
-150
-112
-84
-100
175
156
147
-50
-267
65
-92
98
-178
-55
-50
-319
81
55
-52
-55
-75
107
-298
-57
-419
-211
-250
331
-51
-72
-120
-246
-199
-291
-118
-135
104
-666
-64
-210
-156
-171
-170
90
-82
-55
72
-179
-620
74
-167
-62
84
-208
-85
-54
-112
-133
-209
-53
-126
51
-51
-95
106
-100
-72
-71
-51
145
103
-96
-145
-87
-83
-219
-93
-367
53
-161
-68
-155
-294
52
-373
-186
-261
-97
-54
-194
-142
85
75
53
-55
-85
-145
-55
-95
-198
-81
-208
-187
-78
-76
-454
-97
130
-52
-56
125
-53
-203
136
97
237
-70
-86
60
-133
-238
-280
-72
-102
-93
-77
-55
-60
-63
-234
-60
-82
-305
-130
-96
-141
125
-235
-58
-289
-219
-125
-119
-76
-202
-75
-139
-103
-136
-137
-73
60
88
-151
-149
-194
-146
128
-301
122
-374
-260
221
-117
-71
-64
-63
-112
-154
-261
-171
168
-155
-465
-50
-508
-307
-210
-94
55
-107
110
-135
107
-50
-66
-279
-143
-267
-50
-250
-89
87
125
-205
-54
-161
-58
-152
-159
-109
-72
-56
-150
-366
136
-56
59
-52
-85
-244
-226
-106
-54
-108
-154
56
94
130
-262
-57
-90
-261
66
-66
-186
136
101
154
-58
-50
-134
50
147
88
147
-57
-233
97
64
61
-100
88
-199
71
-77
-347
65
75
86
-180
-141
-196
76
-252
-80
-203
-72
67
-314
-58
57
-175
-84
86
-119
-69
86
-54
52
66
205
-123
-114
156
212
152
-85
125
99
102
139
-182
-575
-75
110
-50
155
-185
-55
59
119
-61
88
-58
-324
74
165
149
-57
-52
-68
-50
-418
-60
79
-240
-96
-158
-284
-442
-131
-243
-170
-225
-54
-143
-92
64
-62
-345
158
-167
-272
128
85
-68
164
-92
-227
82
-62
-94
-255
-153
-96
86
54
-239
54
146
153
-183
-52
56
53
73
68
95
-263
-245
59
-82
-50
-122
-253
78
99
-98
-63
-70
82
-265
-243
-329
-288
52
126
-94
139
100
-102
179
-60
86
51
-92
-72
138
-66
-155
-263
-50
-245
82
76
-104
178
63
53
-123
64
-246
103
61
-61
77
-257
-239
116
74
142
-51
74
-132
109
180
-178
-64
77
57
-153
-54
-254
75
52
-146
-243
55
56
80
94
63
-98
106
118
-51
70
-68
51
-68
-191
-217
61
176
62
70
72
-280
117
189
55
55
-51
-67
91
51
173
65
109
-58
57
77
154
-166
-56
-52
111
87
56
51
72
-268
109
122
86
-176
151
-51
-133
-280
-279
-153
103
72
50
120
-498
-54
-66
-90
71
-96
50
122
-73
62
-50
63
111
-195
-242
-277
67
-309
-259
-78
85
147
-135
-297
59
-372
99
-50
-57
-203
64
160
-78
-503
-52
80
-62
64
171
-303
-60
-70
204
-76
-177
179
149
-114
94
146
-253
-139
51
75
55
69
100
-57
-344
112
59
-64
-239
-52
151
-174
-131
-357
-397
-257
-56
-251
55
107
66
178
57
55
-373
73
-404
61
-93
-96
-109
-247
68
-51
120
96
-137
-80
-237
77
133
85
112
164
145
-187
87
-131
-275
-282
-86
-222
106
65
-176
-96
-255
56
109
76
53
-95
-74
-66
-276
107
76
82
-294
-228
214
-105
57
109
58
75
-60
-211
-235
-237
-324
60
-50
105
-222
-270
-54
-91
-122
-233
-388
64
110
-68
-177
-119
68
-177
63
-441
-57
-296
-283
-64
-71
93
-90
-142
-81
66
-413
-687
-72
-56
-119
50
-152
-100
-176
206
206
167
69
-326
-190
-58
56
-331
-60
-112
-75
-371
-62
-115
-317
-380
-148
-108
-52
-173
72
-169
-80
-88
146
-50
71
-60
145
-209
-182
-316
-72
66
-130
-59
-211
-100
-63
224
-179
-121
56
-156
-96
-76
-65
-396
-425
-81
-106
109
-107
135
-50
-170
50
-62
-160
-289
-71
-85
-200
-132
-345
63
-67
100
-292
-318
104
-142
-141
-63
-163
-349
-67
120
122
-340
-173
50
-270
-90
-65
-164
-75
82
-431
-135
-123
-333
-50
-215
320
-256
-101
-110
-88
-69
-108
68
-78
-317
-59
154
99
-136
-69
82
90
52
-60
114
-328
-52
-69
-132
-97
118
-228
-112
-79
77
74
91
72
96
-50
57
-100
-54
-54
128
-60
94
-50
-50
50
-52
-202
73
-54
79
-71
61
-446
150
-78
-201
-59
114
77
-86
-173
-246
-138
63
85
176
-243
-167
-221
169
-668
-71
-216
67
-199
-100
59
-61
67
-264
55
84
-133
-92
142
-251
60
71
-79
-53
-249
53
-241
-85
61
-63
-314
-108
-177
-58
-110
-489
66
132
105
57
-52
57
-96
-101
-195
-54
86
56
69
57
94
61
126
62
-235
-244
66
57
85
-56
-262
83
-63
-71
169
52
-184
-103
117
72
57
-87
79
-74
65
-72
129
-89
-98
-96
-360
89
-61
-186
-54
-174
73
-243
174
-319
156
62
168
-610
-406
70
58
85
-56
63
52
58
-110
85
-61
-52
-108
70
-54
-52
-95
-54
-58
75
-177
-245
77
-119
-217
-171
110
57
56
-103
50
82
-424
-51
-284
60
52
-52
69
-257
77
-251
-71
-91
161
75
61
-568
-86
-70
-80
125
-136
-177
-92
-353
61
58
137
-120
-71
76
63
-69
-192
51
79
-233
90
-57
61
-261
87
-267
-95
107
109
-240
-53
84
146
-97
-79
-108
-130
82
143
61
-261
-386
84
-84
58
-117
63
-63
128
133
51
-253
-50
151
-60
135
-81
68
130
-50
189
60
-76
-123
-60
-58
89
60
148
-50
-96
57
107
105
51
-254
-76
-53
111
66
107
87
-604
-59
94
55
161
-288
75
142
-292
52
-109
80
97
-190
-54
161
-341
55
119
-211
-240
54
77
146
-54
-244
-54
84
-227
-60
-244
-415
-74
-56
64
105
-239
-61
-129
113
-241
-507
81
106
134
76
186
60
108
-122
-248
-244
-52
99
92
108
175
-652
67
51
143
65
58
79
123
-62
85
-179
-122
78
51
77
-249
-243
-248
-162
181
-63
-281
-436
54
-180
-51
-61
-210
-160
53
-253
-249
80
-270
-110
66
51
-252
-50
-248
-154
-82
-218
-94
-288
60
-81
-316
61
182
-69
174
141
-184
77
-76
53
58
-255
-324
-323
56
111
-65
-242
185
-314
-246
94
166
-266
154
56
54
-52
55
88
-89
-247
52
-226
89
-235
-145
-50
81
-99
-80
-635
68
-377
50
-77
68
76
-104
146
107
-66
165
-164
-266
-107
-66
118
62
-60
-157
-427
66
63
-89
-128
92
68
120
-69
-180
-50
53
105
-56
128
-138
-88
71
-109
87
-190
-129
-96
67
65
-66
-231
80
118
105
82
53
70
-50
-52
-65
71
-154
107
-434
103
-52
-67
-66
-52
-58
-243
80
-183
84
79
108
-75
-56
123
-180
-66
-111
-105
-131
84
-103
68
106
-70
-98
-76
-71
101
101
-324
-253
54
-66
-120
-61
-68
-244
-77
65
53
-87
-536
-134
-123
122
-82
-186
52
100
-116
95
95
91
153
-90
-57
-55
65
56
-192
-313
-125
-83
-63
-259
-126
-133
-98
-68
89
-129
52
55
59
-160
-59
-157
58
109
-188
-74
-204
-184
-157
-116
-51
60
-94
-71
-50
-872
-56
-88
113
-258
-157
-112
-152
-106
-98
-134
-123
-58
77
83
-58
73
-90
-138
-235
-64
117
-137
-107
-100
56
89
-50
-247
-209
-88
-134
-214
-84
-69
-52
-372
-152
-58
62
-263
-90
-52
-272
-72
-58
59
164
61
92
-184
-178
-53
-54
50
-73
-247
-155
-63
-171
-229
-389
-86
-81
-251
-114
-64
-253
-52
-227
-100
-99
-117
117
-128
-56
-165
55
-56
-50
86
56
59
-110
109
-52
-148
-132
-57
73
-264
-300
-139
-361
-316
-91
118
-205
77
-54
78
121
67
71
70
-52
75
-726
61
122
112
60
61
52
101
-272
69
154
-57
-192
51
-164
-244
-238
181
-75
-141
77
-75
-174
69
96
131
-126
52
66
57
68
103
93
196
-78
-89
-55
-309
80
-247
123
76
51
-60
-245
-68
60
51
-245
130
-56
82
95
-50
-120
56
-273
-56
-101
-260
63
-137
169
-55
-241
-187
-100
-73
61
121
-54
-156
-210
182
96
-392
55
67
-288
58
-267
-54
-54
-81
86
60
75
-311
123
-220
-55
-224
76
-244
-67
-51
104
-107
67
-312
63
-252
-50
117
68
-78
-180
-106
118
194
-81
55
-151
-74
99
152
56
-354
63
-117
-225
-194
80
63
124
-58
-182
-349
64
50
-50
-140
-53
153
66
-64
111
72
-246
-54
50
89
-246
70
-244
94
-242
67
153
153
61
-243
139
-82
166
57
-54
74
131
-72
81
139
-252
110
-507
335
183
-195
-69
94
-58
-257
-307
63
-187
61
-296
65
86
188
-100
-137
-246
-62
-87
86
-54
-88
-50
78
-73
73
-208
75
93
60
-239
106
79
134
-242
-82
73
98
72
-82
-333
-241
-331
-253
-92
-123
-126
-245
-56
-56
114
-64
74
-392
-78
-62
-51
-255
70
78
100
-596
-91
-86
-831
-232
145
-253
63
-180
-50
53
50
-58
120
-130
-183
67
62
186
-258
-63
86
121
147
54
56
64
55
-254
59
-297
63
-255
83
-72
-241
-249
-55
-112
-104
-75
52
70
-78
-51
-82
-98
-320
-54
159
-109
106
-146
97
-102
93
-514
-251
-307
-90
-96
-243
65
-238
-561
-263
148
-76
115
-401
102
147
100
134
-61
60
169
62
-185
96
77
-263
188
-340
-308
-237
-212
148
104
-324
-245
-185
-136
-98
172
139
-52
-356
69
68
-60
-180
-78
-258
-119
-75
73
64
-74
-106
176
187
81
-242
101
60
-244
-66
72
-85
-52
-75
57
-66
-159
-269
-240
-204
59
71
-67
-76
-104
-160
-737
-85
-364
-273
-81
78
86
-54
-68
-53
-357
-80
60
60
-87
-142
-66
-339
-118
52
77
-343
-51
-122
110
111
56
70
-58
-133
-154
-100
54
-130
-54
-194
-787
-50
-64
78
-53
85
-132
188
-51
-86
-200
-55
-70
-134
-62
-310
496
146
-117
61
-432
91
122
-58
-93
-118
-90
-84
-54
145
90
-117
-224
-120
-141
-317
104
154
-93
-54
220
-55
61
-340
-75
-80
106
217
94
61
50
221
-50
-78
-104
-240
-51
-75
-255
70
111
-55
-100
-120
72
157
106
-222
73
69
113
-298
-154
129
-71
97
-325
-307
108
-191
-363
-182
-131
-190
-163
51
-92
-54
64
134
-56
-52
51
-60
-102
-57
-94
-97
99
65
52
-319
150
-100
-54
-52
-79
-50
141
139
-54
86
64
135
-69
98
-102
52
103
80
93
83
-66
-112
-252
-198
92
-96
-454
-120
54
-54
108
-52
75
-170
-82
-257
-105
146
-52
62
88
56
79
-50
-58
-73
-259
-55
-100
83
-103
-180
-306
95
-62
-106
69
-53
143
-79
-138
74
-261
-94
81
164
-72
54
-66
57
-242
-102
-130
113
94
-243
-281
-51
-244
-249
121
-223
-53
-123
191
-106
-75
-362
133
54
98
-158
-87
-50
-167
85
61
55
78
57
188
-57
-223
-50
-80
-114
-50
54
92
84
82
-222
-182
-137
-238
90
130
51
-70
-53
-178
-68
63
-163
77
124
-76
59
53
163
56
61
144
216
-69
-127
107
-108
-141
-55
-66
-80
-135
-253
94
-53
-50
-90
-87
-339
-51
-151
169
-237
119
62
56
134
52
77
-242
98
-60
-239
-55
-161
-656
92
-55
-112
88
54
83
71
56
183
63
-185
-248
51
-244
93
113
86
116
116
-83
67
-256
-200
-59
61
-229
-146
-256
63
-111
-115
-60
-357
84
-254
-259
-62
60
93
69
68
74
126
52
-52
-262
111
-122
-264
62
88
-61
71
-304
-141
-98
153
65
54
52
60
-90
-209
-56
-246
63
-60
-277
114
51
51
-111
-86
-96
66
-175
92
50
69
94
-260
-64
80
58
-241
-58
-78
79
139
-52
58
-64
-82
-207
-64
-161
-242
-231
70
-395
167
152
-68
-138
112
59
86
160
63
185
51
106
-83
-72
85
-402
-442
183
-62
124
121
-71
-79
-60
-62
167
-54
-321
-59
-56
55
-106
-239
66
-67
-81
-86
103
-270
57
51
-62
122
55
-507
72
85
-96
278
-118
-187
-129
-190
-169
-143
62
154
-99
-318
56
-91
-578
-331
190
64
-62
-103
136
-280
72
-50
-53
-436
-238
-202
-204
-61
101
-51
123
95
76
-169
-94
163
-144
61
-80
-308
66
-268
-66
-73
-183
154
172
-83
-150
64
50
50
-431
-70
-107
91
70
-74
-90
66
-53
-230
-680
84
-109
-254
107
-258
81
162
-63
74
197
52
-171
-237
-254
-283
116
104
-299
64
-50
-133
163
-74
-51
-98
-96
-100
64
-243
-251
144
146
120
98
97
161
-153
64
118
53
-257
194
108
-56
-61
-242
51
-68
-246
-408
-239
108
52
-91
146
-67
-166
-352
67
61
51
-257
-81
-160
153
76
-107
-367
148
-268
-55
-54
61
-143
61
77
62
-100
106
-58
-50
-79
94
-53
76
-54
-102
-134
-65
51
-132
56
-239
60
56
-54
-76
65
190
56
122
-84
94
-158
-111
92
-320
89
67
88
-204
-64
-85
70
-101
-50
-247
-241
53
-290
100
174
70
167
67
85
55
-453
60
-130
60
114
-58
65
-135
59
-79
-104
-50
-334
-99
108
112
133
-85
-54
-82
-86
-77
-94
-61
79
-239
154
85
-50
98
-298
-56
63
-326
189
-51
74
-178
-83
-183
-68
59
-78
-150
53
51
-308
-117
77
50
-254
61
-145
69
185
103
-281
-113
177
-493
-62
95
131
-568
-69
-136
-135
101
-55
-52
51
-256
-377
-362
-219
136
126
-90
60
118
183
160
-53
-57
-245
54
-167
59
-93
94
85
75
-101
-221
-109
77
-169
59
86
-259
237
-61
-57
-556
-52
-82
-50
84
72
122
-83
-246
55
-154
135
-99
69
-66
-113
109
-50
100
92
-62
70
-58
-52
84
65
-61
92
-75
-68
69
-70
85
190
-52
-314
176
-160
-109
-70
-256
-243
-244
-521
75
-241
-229
-83
-53
-161
-70
86
54
-145
-55
-251
94
68
-62
-273
105
76
-64
-57
-397
-569
-94
-382
-155
-61
-239
72
148
-241
138
67
122
210
-50
50
85
-52
-51
142
-417
137
-88
-50
-54
-134
-206
68
-84
-112
-58
-53
-148
-56
-184
-87
-159
-348
-54
-153
-301
-52
-86
58
-246
-68
-134
-128
-144
-103
55
55
-290
-161
-50
80
-130
-96
-133
51
-69
67
62
-237
-68
-484
-118
-85
-71
92
-76
186
-154
71
-66
-50
-217
249
-88
-141
-301
84
-87
-74
-175
-60
55
-55
-113
-112
118
126
-83
-56
-63
-235
127
-191
59
64
86
200
-195
-68
-319
-242
67
-213
-127
172
-164
59
-73
-92
64
-121
53
93
54
67
-293
-82
-72
80
89
-129
-158
-51
-86
117
-64
-94
-53
71
89
-50
-97
-97
-268
-68
-101
-65
110
76
93
-280
67
65
170
52
-79
75
58
-104
85
-68
67
85
134
-100
94
-244
-161
-312
123
-61
68
61
87
-52
-54
-60
118
-250
129
-51
-60
-152
-118
-244
-84
-52
-244
104
-81
146
-387
-321
55
-61
-56
-99
-50
-376
-80
-53
92
-78
126
-184
-158
78
50
-52
200
91
95
-241
82
-250
-329
-94
57
-78
-276
-533
-78
-260
-72
-257
53
-121
-55
52
75
61
126
-191
-63
-51
154
-65
55
-169
-245
-249
-280
-126
-64
-237
95
100
75
112
50
-74
109
142
-189
-207
-113
71
160
52
-146
-64
74
56
-244
62
143
-84
73
-66
-51
-53
87
81
68
-164
-118
-96
-84
-129
-268
61
-264
119
-70
-259
80
125
-288
69
-207
114
106
-111
-51
-123
-57
-57
-74
125
-75
56
106
137
-126
-69
86
54
-107
57
-58
127
-263
-239
-254
-247
57
-134
-311
-87
50
-177
-56
-106
-174
-250
55
78
-58
-66
67
53
-66
-94
-230
-124
-51
-168
211
122
118
-110
-243
199
93
-98
120
-261
-234
-55
-244
144
-226
114
55
-241
-66
118
-247
84
-236
-164
182
-130
-74
-105
96
114
-209
-59
-128
59
-54
-114
-281
-232
-681
-60
167
97
58
-50
98
-96
81
-89
69
-106
133
137
-244
-58
83
163
-245
70
85
86
81
160
95
-288
-241
93
-252
-102
-69
64
106
-53
-54
-74
55
118
68
54
-63
54
-62
-94
-96
185
176
89
-177
-257
-61
-189
-188
98
-226
57
161
57
-64
-63
-285
-223
-132
-51
-188
-55
98
-112
-248
-101
-248
160
75
-359
50
-67
100
-69
137
53
-100
61
51
-61
80
-236
-245
-64
-88
-233
-54
-104
-77
-189
54
-295
-90
-93
-215
-86
-106
-50
110
101
-50
-85
-362
-195
150
115
-168
-267
-318
446
-108
-110
-120
133
74
-177
-76
-66
104
-101
-463
-90
51
-120
-55
-247
-259
-74
-283
-96
-51
-103
52
-91
58
80
-169
-115
-276
173
-240
94
-222
-213
-453
54
-55
-52
-67
-61
-80
-431
-103
169
58
-185
73
-52
53
-50
-244
-100
-154
86
96
118
74
-369
-247
-69
-217
-148
-69
-80
171
52
-75
-52
-240
-78
-254
-287
76
102
-172
-84
-464
116
-58
-138
141
185
54
-102
102
59
-328
-163
-402
-59
69
-59
-57
-62
-115
-110
112
55
-126
95
52
99
100
-104
159
-242
-51
-450
-60
-126
-195
96
72
141
79
79
-211
-53
-52
-54
104
-299
62
-62
-197
50
-86
67
-478
-68
113
-192
95
-58
-57
52
-277
-612
131
60
-433
55
56
-242
152
112
80
110
-92
-68
124
-54
-142
154
-84
82
-88
-170
70
-127
140
-56
52
134
-267
-218
-181
51
159
-202
154
63
61
103
78
75
-389
-130
80
-536
53
71
-77
-243
80
71
125
84
-74
-50
81
89
-91
-150
-60
90
66
-107
-295
60
87
-264
65
167
-54
-71
-51
77
72
-605
92
77
89
85
150
52
-294
-252
56
-69
-80
-137
-312
53
-69
50
-143
-140
-241
122
93
63
-97
65
102
91
175
-68
160
-250
-61
-72
-73
-254
-63
-358
-188
-252
53
88
-459
-76
83
169
89
78
-76
85
-221
90
100
-247
-65
84
-188
106
-64
-66
-375
-82
-246
-241
57
61
57
53
-50
-151
88
116
129
-241
55
83
-377
-90
98
-268
-54
-239
67
-246
58
100
50
-247
94
147
-347
-77
-51
-94
82
-60
-61
51
-62
-54
51
99
62
67
-52
52
-54
-165
56
-189
51
-95
112
-200
-164
-279
-50
-220
74
78
-173
-81
-68
162
-318
-199
-52
59
-276
-190
-102
129
-103
96
-57
-236
-192
124
190
-89
-66
121
106
133
151
-54
53
58
88
54
-78
-52
-249
136
-65
56
-77
63
71
-78
-77
57
-216
-136
-56
60
51
-112
61
-50
-89
-212
-92
104
-195
96
-135
110
51
-100
-207
-105
-51
-52
-65
64
134
-68
-57
-156
-54
-68
62
-135
80
-69
55
-205
-66
89
-88
77
-107
53
222
90
-75
-53
-55
69
-78
-205
130
109
-52
-215
-196
-84
50
-131
-165
-203
146
-63
-234
-129
87
-156
62
-50
-256
128
-241
-100
108
-151
53
-60
-62
-253
-84
140
-140
-84
-71
50
-574
-124
-124
110
-110
54
-118
-129
160
81
-227
142
103
56
-70
-88
-54
-57
69
61
162
78
-211
-60
116
-537
-68
-60
-88
128
-124
84
97
-60
-391
102
-117
77
119
101
-249
-88
-436
-74
-90
-127
91
161
-162
121
97
-54
95
-62
83
-379
-57
53
65
56
-138
63
-423
-81
181
-144
107
-173
-64
67
57
-147
-98
-227
62
-68
72
60
159
-61
-135
-239
-74
-75
138
-118
-50
-69
183
-392
-60
-57
-242
-273
-87
55
143
-242
75
-134
101
113
-69
-71
129
168
-50
85
-242
-87
68
71
52
-238
-90
-210
-202
-475
-481
78
52
69
-316
-194
-311
63
-134
125
158
-216
-184
91
-474
60
146
-72
-140
-60
58
-69
-532
117
50
-65
72
-143
-120
189
-68
52
-257
-136
51
92
90
-54
-294
52
-250
-243
69
87
-148
50
53
-266
62
-147
181
61
-256
63
73
-54
-51
78
-66
149
-54
62
59
105
141
-244
60
71
-360
81
-50
91
180
110
-142
-282
-55
-280
-186
-58
77
-85
92
-106
186
-105
66
52
-50
84
-252
-239
-52
-257
74
67
-200
-246
123
98
-247
-60
-88
69
-82
-54
-59
54
-245
60
67
87
-145
-59
51
-95
-250
-116
-69
68
51
134
67
-82
93
-377
-102
-238
187
-101
-247
113
-691
55
109
80
153
-137
-201
-245
63
-239
-56
-102
84
-252
63
-241
-60
-266
129
-50
180
151
105
-100
73
-239
119
101
116
170
-54
-51
-193
-78
148
-182
-147
-261
109
65
-246
-83
-66
57
-64
-307
83
-61
-133
-50
83
98
67
123
85
65
-52
-88
-78
73
-55
-131
-249
65
-61
-177
52
-52
-175
99
123
-295
-177
-72
86
56
152
120
99
70
-324
70
66
155
-230
124
-110
-88
-289
57
-355
60
96
142
61
67
63
-54
76
-388
75
50
76
66
172
-52
-184
-169
-241
123
-189
-580
-50
-131
72
123
-57
59
168
-179
-94
-51
59
-244
151
308
-111
-57
-58
-80
-70
53
82
-307
65
-468
-364
-102
61
-221
-96
75
-286
92
-108
-264
-85
55
-86
101
-170
-115
-269
129
-80
-114
-126
94
-214
-58
64
94
-85
-62
98
-80
-65
-223
-50
56
63
-53
-57
225
-132
-52
149
-141
-222
-143
-129
-244
-307
-89
-136
-55
-57
54
-88
-60
-91
-90
121
-206
-253
52
-146
157
-182
107
-59
-55
-287
70
-248
-56
51
151
69
53
-61
65
81
208
188
68
-112
78
-84
111
92
82
-52
127
-222
-56
51
-59
-153
56
124
-157
-242
-66
152
-683
89
189
-573
-84
-247
68
51
-82
-72
59
-201
-433
-51
-56
-424
-86
-60
-64
93
77
-69
-57
-150
-65
82
-61
-82
-235
70
169
-256
-219
-63
92
-191
169
-62
-613
-90
-51
-257
86
98
-236
72
-78
-299
-58
-64
120
-181
164
-77
110
-50
-63
80
-258
-97
140
68
-93
76
-478
82
73
70
-130
92
52
59
-191
-129
61
-243
-83
-376
58
-141
-309
159
-50
-87
-400
-172
-77
78
-267
-169
57
-58
-70
-167
-70
-92
-138
-177
53
-154
-141
59
120
-235
-51
180
62
94
-85
-225
-75
-76
64
-53
-406
74
-54
-215
155
189
181
-185
57
-161
74
88
62
-215
-60
-131
-112
65
72
-441
-171
-82
-141
-117
-113
-96
-148
63
116
-416
50
-52
140
-172
-57
-54
-244
-85
-258
87
91
-57
100
173
-195
-267
80
146
139
-104
-223
-133
-96
53
-128
52
-198
-263
-58
-232
78
65
62
53
68
61
-519
108
94
-250
136
-59
140
105
-79
-138
-219
-55
-117
71
-139
104
-60
-69
140
99
-164
-66
-223
-179
-109
-75
62
63
56
68
69
-66
191
-252
-56
59
-81
-293
-242
-143
-57
-58
57
-95
108
-89
136
211
-66
88
-241
73
-239
-111
-107
60
94
104
-458
-50
-106
61
-240
-53
-242
-80
-64
135
87
-324
-239
63
-114
-56
99
-243
51
-148
78
-73
57
-558
79
173
68
-308
-652
-246
-54
-291
-161
-239
-228
-255
-252
-381
-53
-99
50
-92
-199
83
-138
135
-72
-243
116
64
-243
51
-90
113
-104
136
68
83
-50
-63
-85
121
-53
92
-360
-126
72
-257
-338
-131
-50
112
67
-203
-79
-56
-55
58
67
-71
81
-72
75
-59
108
168
55
-394
-74
131
-259
122
53
63
63
61
-97
146
85
-52
-69
-66
-91
-110
-70
114
-54
59
136
185
84
-51
64
-211
76
57
-169
-104
-303
52
-55
-54
-225
74
54
-74
157
68
-105
212
114
-155
56
-61
-414
-113
130
-117
-211
-384
102
87
-296
-164
-53
121
52
70
-66
-65
180
-183
-161
157
-65
-56
-348
-149
168
58
-242
61
106
72
-84
-51
-77
84
-99
197
-253
118
-182
-95
85
146
52
126
-69
-79
63
109
-76
-241
-91
-56
145
92
-255
106
-96
127
68
-309
-52
143
79
-85
-56
103
87
-90
-132
66
-236
50
68
-94
-111
-273
50
-76
-54
-257
-52
-88
-256
74
-84
-104
63
-127
106
-315
106
-82
-142
-189
95
-149
115
98
111
-335
-158
-148
57
-52
-147
-86
68
105
-240
-248
137
-102
155
-52
114
-218
-443
-91
81
-85
-222
-53
-67
-98
-59
-155
60
-86
86
-309
-116
69
-52
106
-113
72
78
-171
-255
135
-71
54
-57
103
71
59
94
58
69
-287
62
79
55
-256
-195
-246
-74
77
-196
-54
66
-50
172
58
94
128
-153
-79
63
-126
-54
-51
-109
-50
-120
150
52
-165
59
53
-72
64
-50
-614
-118
-117
-50
81
-52
-91
-96
168
-311
-54
83
113
77
-64
-140
-50
-245
-53
-123
-110
-181
51
99
52
-248
-116
-52
67
-149
-51
-188
52
72
-52
-142
-540
-135
-111
-65
-92
56
-51
74
130
-50
55
-88
-74
-120
-71
165
-63
-71
-59
-156
-174
-169
-61
64
96
76
103
-54
-60
204
100
-57
52
52
82
-118
95
-91
-440
68
106
-316
109
-184
-132
-109
-104
-138
-58
-406
-84
-72
-149
-58
-124
-147
-50
-91
-51
210
-265
52
57
51
-244
65
-75
109
-63
-244
80
154
130
-117
-56
-122
67
-60
121
-56
52
-62
-189
-223
89
-194
-115
109
-148
64
-305
-70
141
128
-675
72
-66
50
135
89
78
-160
-255
-332
52
-54
130
52
83
-74
136
-69
-125
80
56
-75
165
61
-81
-250
-62
123
108
-52
-50
161
230
-131
-438
90
-58
75
86
69
53
-56
-71
-247
-260
-121
-84
63
64
190
173
56
-146
64
-322
-113
63
-52
-56
72
148
-54
137
-70
59
-53
57
63
-383
51
-95
60
-127
-75
-64
81
-56
-247
59
-82
110
94
-359
97
106
-257
-56
116
-240
165
-131
93
68
-85
86
87
88
51
71
-59
78
-87
-105
-108
54
-406
-252
-120
56
143
156
70
54
-50
-58
108
-62
-378
-62
154
82
-249
-95
-144
58
55
-63
178
-77
58
58
-65
188
55
-198
89
52
-307
-247
55
-369
-53
-58
140
-254
101
115
-319
61
-249
-89
60
72
80
-137
57
-238
-55
-50
-136
59
-290
76
-121
-66
-345
65
81
-311
-222
-107
-100
-257
52
188
-79
52
-60
-121
54
-247
-86
-255
134
51
-255
-62
120
-109
200
-70
199
-267
-102
-265
-55
-282
112
-244
-63
-64
50
69
-78
-130
-52
-76
-144
-62
-102
114
53
-132
-166
92
-242
-270
52
71
69
-254
-51
-105
54
-564
-218
70
86
-139
85
50
202
-253
-68
-254
-147
-196
93
-347
-67
-162
78
63
58
120
78
-210
53
-59
-192
59
174
-210
-64
-86
-122
-52
163
-98
-188
107
-50
-119
-91
142
-389
-244
-298
-202
-373
107
181
110
120
-66
80
112
69
-106
-160
120
-152
-131
110
-225
56
-251
103
-349
-59
93
-223
-68
181
-84
85
-285
-61
-252
91
-74
117
108
55
-186
127
-53
-54
91
-54
176
-253
-256
62
-96
-56
-73
-58
413
90
139
-125
-108
-108
-88
-132
-190
127
-65
-82
-52
-65
-56
-50
-57
-74
129
-411
-360
87
-91
-493
-300
-229
-199
-77
-102
-56
-53
-94
57
-133
57
87
-92
-70
-257
94
-196
115
69
-72
89
-65
-392
-94
-398
-232
-224
-63
-553
-86
-110
-51
-316
-105
-327
-51
57
-130
90
54
-54
-107
-368
-95
-91
62
-202
-739
64
-88
-66
198
51
-65
-60
169
100
-89
-238
-196
70
-129
-80
-50
59
66
-80
-254
-176
-52
-94
52
71
-66
-163
-60
-57
157
-256
-78
-384
-81
-294
-337
-59
-139
-78
63
-102
-55
-76
68
83
103
-66
-78
88
130
-54
-137
54
-265
127
-79
-88
143
75
-114
-110
189
-590
147
98
-269
-224
-50
-201
-180
60
192
-99
193
-63
-94
74
-254
191
-176
-108
-202
-214
56
-60
154
-52
-107
-129
-222
194
-62
58
-158
-55
-58
94
-317
-111
-74
56
-100
162
-257
-240
79
-51
-472
-127
-145
-60
-122
60
98
54
58
-91
-137
-62
56
-228
-98
-131
-217
-231
-260
219
-205
-89
119
-260
-435
57
52
77
-285
-128
-54
95
-95
-105
60
103
-405
-299
-57
62
-58
-322
123
-223
-52
-60
-121
-64
108
-270
52
-60
128
98
51
-255
101
-50
-54
194
51
-56
93
144
-199
57
-275
165
-240
130
55
71
-82
-78
-59
-249
51
56
-129
-250
59
-80
104
-60
-252
-76
-99
53
77
-142
-402
-244
87
104
-95
67
-346
83
-53
100
59
118
80
68
110
-57
57
-121
-262
70
75
-244
83
-85
-120
-54
72
87
82
-52
128
56
-174
-57
-106
64
-86
120
-60
-180
-76
63
116
-92
-119
68
-182
66
56
-173
59
-280
-246
71
179
-255
-384
51
73
-50
50
184
-64
56
-71
-84
71
-312
145
67
-96
119
-367
50
-239
-74
-54
-59
88
124
-296
-236
-130
114
-253
110
52
66
62
-241
-71
-265
-235
-72
-124
-80
-77
-78
-50
-197
-72
-54
-376
-84
-234
-244
-99
-53
-251
166
-243
52
71
-282
78
-50
69
109
-307
90
-75
222
-69
94
68
-73
-75
59
66
56
-183
115
-122
68
-220
-242
173
53
-97
-51
-51
159
96
-176
88
-244
-97
-135
79
60
-67
-54
159
-366
-255
-144
-302
-134
98
70
135
-514
-281
-66
72
194
-150
51
90
-74
147
-104
110
-64
-130
-136
-285
-314
-218
-391
-55
-153
-98
-76
-122
-177
-179
70
52
-228
59
88
-121
77
-422
-139
112
-188
-86
-56
-301
64
-255
106
65
-105
-68
75
-85
53
-61
183
-204
67
-58
64
-120
-153
57
-108
-99
112
-251
-70
171
-244
-127
-58
-92
68
-83
-116
-170
58
-148
-50
-267
133
147
90
-60
95
-203
-331
-54
-61
-142
62
87
-137
-168
135
-503
77
-126
72
63
-128
-56
-70
63
112
69
82
-245
79
50
92
-98
54
-315
60
-270
-77
-283
173
-606
-246
-66
73
-67
-125
-237
55
129
56
-171
190
-147
53
51
-167
175
-74
-69
-197
-55
-63
80
-75
60
184
129
296
-244
-243
-79
59
95
-222
65
-139
126
-253
72
-51
-311
-282
134
61
56
-61
137
58
61
-97
-239
-179
-84
-71
-97
91
-116
-246
-245
-249
134
-52
-80
106
-96
128
-166
133
182
67
-157
-80
-129
89
61
138
-245
52
-393
95
69
-244
92
-141
80
167
109
-96
-180
125
90
95
-289
82
-57
111
-132
52
-106
-54
-223
51
85
139
-243
-155
108
-385
103
92
199
-57
-134
-109
137
72
52
105
-259
-121
-84
-73
58
-169
-84
-126
-105
-476
64
-83
64
81
-71
-79
-105
217
72
-258
-80
-179
-113
77
-241
78
65
-55
113
-189
-52
-186
-63
99
62
-340
56
-232
-70
155
-166
-321
189
-243
-65
-273
-131
100
-332
-188
55
55
141
-179
-89
-293
-234
-237
-237
79
-146
152
-258
-55
-63
84
-271
-245
-58
65
-84
-193
-77
149
-246
-62
-82
-58
84
119
-53
52
-314
-376
122
-99
99
101
-257
-131
-71
-250
101
-99
-50
-166
-315
-60
94
112
134
-327
-255
-80
116
-80
-341
-58
68
-166
90
59
-91
66
-83
-88
-63
-76
93
-54
-53
109
58
-50
-122
-95
-50
52
-94
-65
-240
-51
-154
-108
51
-75
129
74
-190
-66
-153
50
137
-141
-53
-67
-77
112
-387
-69
216
-56
-63
-85
-150
-162
55
-56
-404
-234
-56
-251
-261
-61
-106
-104
63
107
62
-80
-89
-154
