-299
-95
-89
-119
-77
-81
-52
-78
-92
-230
-213
-144
-177
-230
-315
-212
-184
-51
-256
-163
-318
-108
-114
-116
-88
-146
83
-111
-295
-81
53
-63
-197
-88
-88
-84
-235
-109
-160
-104
71
-100
66
-469
-714
-285
-812
-70
-55
120
96
-60
-157
-255
-141
-66
-90
-71
76
-179
-83
-134
-81
-69
-322
55
-624
100
-635
-82
-208
-103
-114
117
155
-72
168
-68
-365
-127
-74
-219
-144
54
-52
82
-233
-99
91
-51
79
-160
67
55
-68
-150
-50
68
74
88
-50
139
-55
63
-60
-59
-58
57
89
56
58
167
63
72
-113
50
-91
58
92
-65
-50
-189
-136
89
76
124
-100
94
-257
-347
126
68
-86
102
79
81
50
58
90
138
64
-166
104
-249
132
94
123
70
-53
80
102
166
116
83
66
55
-64
-52
-71
-182
-120
61
67
-70
80
-52
-126
-83
126
-60
-67
50
-111
66
57
114
114
58
134
121
-665
83
117
111
-71
91
-60
51
60
72
55
61
-731
60
66
108
75
79
130
58
-62
-52
112
-252
74
-100
81
-66
58
-120
61
-98
-330
111
69
78
60
-51
104
-59
127
56
90
77
-55
76
-185
-53
114
-223
120
-163
-330
-187
130
-180
-54
-50
-235
-531
69
-60
-84
-83
-538
55
170
55
50
-53
-62
60
53
53
-268
-127
96
114
76
-259
66
73
59
68
51
103
-66
59
-265
-252
-58
54
-81
106
-495
51
-168
131
-134
182
-60
-53
72
55
51
155
-52
-240
50
-104
-135
-73
106
81
-61
-125
-154
139
-52
124
122
-101
-79
154
100
-89
89
59
67
67
-144
83
58
90
86
-175
-94
66
-58
-211
162
87
-68
-97
122
94
-93
60
58
116
-54
-63
50
52
-136
117
54
-243
62
63
66
61
59
-109
-284
82
-91
107
167
61
88
-216
51
-201
-78
63
-123
102
135
-69
-243
-76
-129
59
50
120
58
-54
116
-357
-207
-56
100
-161
-123
141
-118
86
-50
59
83
-253
65
51
-52
-64
-94
-213
136
138
-296
55
161
-65
51
-252
67
109
-164
-58
78
118
-560
-163
99
-71
-145
-139
-252
109
100
-55
-60
122
-111
56
61
-122
-51
-104
71
52
79
-54
-177
68
-294
157
76
-127
-67
91
-66
-53
-210
-345
64
86
-161
-69
-53
-105
-52
56
63
-57
-66
-53
129
59
-54
-61
72
-337
-66
-288
-371
62
60
102
75
-57
-53
-52
-96
-141
-156
64
87
-52
50
-77
-54
-100
108
168
-98
-60
-57
-61
53
93
51
-113
-251
54
150
-50
-65
51
-257
85
83
88
138
162
-88
-229
83
81
53
167
-87
-57
82
-199
-62
78
111
-327
158
-125
-83
-59
-208
-198
117
88
50
-149
136
-85
-181
-50
-67
-395
53
52
94
128
-59
-60
-222
-74
-108
95
-62
-68
67
113
92
50
-92
60
-71
-530
-92
-270
-99
-259
-112
51
-103
66
-60
-294
-263
187
-73
-65
-100
-85
-88
-78
67
-83
-63
-267
144
60
101
-70
-71
88
-265
-491
-205
-119
-153
-275
-98
-130
-117
-67
52
-213
-317
-246
-101
-52
53
-63
-261
-53
-124
-138
-125
63
-258
119
-409
-118
64
60
-317
52
-242
-90
52
69
52
-270
-141
-64
78
-87
61
-73
-88
-54
58
-167
-51
-280
96
-250
-260
-188
-116
135
52
-83
-52
79
60
-92
-86
-114
-276
-152
-107
143
-90
144
63
107
-66
-80
-372
179
-110
66
67
102
-92
168
-54
105
-66
-248
-160
-175
86
-460
-55
54
135
139
-134
93
-267
69
105
58
-75
-50
-50
-372
113
61
-228
216
-76
-50
57
93
168
-50
99
-251
-245
181
83
-57
-109
-74
138
-51
107
-285
56
72
61
-60
-389
-81
79
-59
101
-145
-315
94
81
128
67
-293
-102
-288
144
-186
-117
-54
78
102
73
-128
54
-52
53
-297
-88
-446
88
73
66
-258
-246
-55
-250
94
63
-397
57
-212
109
74
96
-68
56
-355
117
-80
56
60
116
83
103
51
128
59
-201
64
57
164
65
-152
-63
99
109
-55
-98
-111
-88
68
-73
78
-399
-254
101
-158
-178
95
175
-51
56
173
71
56
156
73
70
-58
58
-53
-61
92
74
119
-58
60
102
-91
-54
70
166
-72
-65
-216
-58
-51
-157
-112
94
52
67
89
-51
-71
-241
66
74
-80
-76
71
66
152
-68
-180
-148
64
68
-73
195
-52
160
82
107
79
-76
54
-58
71
172
-132
-50
-120
52
153
-80
-247
-88
57
125
-88
127
-250
-398
-120
57
110
114
-58
133
86
-333
69
169
85
-108
-364
76
-153
85
123
51
-56
54
-127
81
63
-66
57
-51
129
190
59
64
-187
80
-55
50
-138
56
136
150
-59
97
-89
75
-97
153
-130
-76
84
82
114
-50
57
-88
108
75
-127
125
90
124
114
78
-55
112
51
-233
-160
106
-94
91
79
96
-113
-52
119
105
101
107
55
-312
-61
-195
-58
139
-177
-196
-51
-177
88
153
72
-57
119
87
-50
51
56
-55
54
-118
145
87
129
67
58
101
105
57
-54
-180
-150
-59
63
53
61
60
101
-163
82
63
53
106
-104
148
-243
131
-84
90
70
135
58
-91
50
52
-394
-127
72
-151
172
105
-135
-218
170
58
-107
-76
103
127
65
-94
-189
61
-50
-73
-103
132
124
-84
121
144
94
-263
108
-255
56
-178
-93
110
94
-56
63
-405
-120
77
-80
55
148
58
51
140
121
68
-93
-203
152
-88
-138
-76
133
-61
-53
-280
-157
-55
69
-243
121
76
55
-63
-122
-128
-65
103
69
134
-266
-246
152
70
-100
-78
-60
153
78
122
-213
75
55
-78
-160
167
180
-426
-102
-127
112
-53
-97
-52
80
-129
-76
-196
-61
-85
-90
-57
-260
111
60
-243
82
139
59
-50
-106
-64
51
55
-308
84
74
52
93
138
-123
168
-123
79
50
79
-246
61
-155
-98
-373
79
-109
54
-321
-254
-84
104
58
59
72
164
-205
-244
70
54
-52
72
-343
70
-59
71
-195
-52
70
-82
76
63
169
-51
75
95
-287
-58
-583
-121
-61
-176
155
67
-112
-97
-62
-93
-653
-50
61
88
-82
63
-66
-85
88
-112
72
51
-94
-106
152
-98
-567
-220
-82
50
-58
54
145
72
80
-69
62
-56
-330
-653
50
-183
-72
-146
158
-455
75
136
-55
-143
-124
-69
-310
107
187
59
59
75
-61
83
50
-58
87
-106
-84
-206
61
-126
-205
-84
-105
-56
-208
-171
-62
247
56
-85
-191
-375
130
77
-75
-52
-253
-299
-75
-274
60
-56
150
-114
50
-161
-278
80
65
-258
-277
108
-83
58
-75
-261
-658
145
-104
61
-62
-110
51
-109
57
-124
-157
-91
-118
-191
-122
63
63
75
-62
-95
-130
160
55
70
78
-193
-72
-61
57
-115
-128
-134
-195
-176
-108
-72
66
56
71
145
58
-51
165
143
-597
-69
51
100
90
63
-138
58
-103
71
-54
-152
-64
-92
-194
-211
-56
57
-68
-487
51
-243
-277
-318
77
-213
-76
-59
-120
-160
115
212
57
107
82
-243
-135
128
-186
-156
-103
-56
-85
-137
-66
179
110
113
107
52
81
93
-196
-300
74
-87
-109
79
-139
55
75
191
67
-59
-81
67
-108
-67
-54
100
183
131
-106
139
-244
71
88
-55
90
140
50
-139
-246
-104
104
-225
-192
97
76
-97
73
-60
83
-57
56
-73
-357
-196
188
126
72
176
-91
-103
-209
-55
-92
50
-138
-159
105
126
72
-53
91
70
62
96
64
62
51
112
145
-62
-74
53
69
81
92
-353
61
-63
-362
114
-93
-332
53
-70
-108
59
62
165
-238
-239
-52
-123
-256
-160
-63
-51
91
102
-64
-128
-65
107
50
-88
55
54
67
83
138
-77
-134
-149
-253
75
67
122
143
72
79
100
-52
-228
-72
59
79
95
59
62
-107
-249
67
82
53
78
97
-156
-107
-192
172
50
149
81
-51
104
-392
119
138
-204
-50
-61
137
62
55
102
-234
123
-242
-54
-229
-209
152
97
-57
54
-55
-313
57
-51
103
141
50
157
60
-308
-254
-95
-111
-145
-309
128
-256
54
121
-223
-78
-99
-55
147
138
-250
-109
-282
-87
-88
-246
87
59
109
-93
64
-249
-159
87
-308
59
-217
-128
50
59
58
155
59
50
104
69
-77
80
-131
79
99
57
-235
-57
156
-50
95
64
-269
112
131
87
103
54
67
65
-98
-164
54
-106
-330
60
-196
65
-58
58
-325
-74
-94
-109
-259
-77
-239
-116
70
95
74
104
86
121
-56
116
-258
71
74
-252
-114
160
-257
73
56
-64
-254
67
-291
55
-52
-71
-161
-66
88
133
-88
91
177
-52
-84
-52
-109
92
85
-57
-63
150
85
-77
104
76
121
-61
-419
-54
-73
160
-62
-51
-66
-296
116
-282
-51
118
-60
-117
-194
80
134
-77
-165
157
132
114
95
-65
-56
103
58
68
-194
50
-63
148
62
58
65
103
53
-60
-245
84
-184
136
-66
-82
66
55
-82
-138
-132
-160
99
89
-55
147
70
52
-58
85
62
104
91
118
-342
56
-108
65
-95
68
77
-143
-248
-151
123
-53
68
109
138
83
65
-50
100
-66
67
-258
-135
-136
69
61
56
79
62
-354
-66
-91
-80
-89
-238
-83
123
-108
-52
-348
-93
-54
-61
172
60
52
88
145
-60
90
84
147
-271
-277
-265
62
125
82
54
-60
59
-697
-81
-293
-218
-59
-360
-120
97
-138
-104
-277
-51
-51
-71
-140
-63
-54
-216
118
-57
-50
67
88
-204
-63
-83
117
-277
-77
167
-68
-431
-301
-139
116
-90
-117
-153
-115
118
117
51
56
-74
-248
63
176
-121
-91
73
-56
-78
-50
97
80
110
-52
95
-184
-52
-73
75
-92
-87
-228
-55
189
-100
-88
-157
-324
54
56
-102
56
56
57
-82
-60
-129
115
-84
92
-59
79
-139
108
-109
-95
62
-132
-130
-189
-71
-76
-65
64
-86
-185
-251
69
-420
-56
67
-58
-473
213
-52
-60
-50
-106
96
-50
-61
124
-109
-56
157
-153
69
-92
76
92
-51
-99
-126
184
-61
-78
-62
-75
-108
-52
-189
-94
-357
-75
56
71
-78
-53
-327
123
186
-238
89
98
52
-85
73
158
-60
51
-136
58
58
-170
127
-67
-50
56
149
50
-114
90
-51
64
-217
-67
113
-274
-149
-124
100
-384
-99
63
-148
89
128
112
122
-119
-254
81
58
57
112
50
51
-54
-54
59
-61
-218
-371
-57
85
-319
-54
-50
-148
-71
-119
67
-387
52
-127
142
-362
129
-257
61
-141
68
50
-52
92
79
-76
53
69
-54
68
-93
83
59
80
-59
-317
62
87
-196
112
124
65
-87
79
-94
78
-56
-92
90
103
-78
56
-60
-67
-86
-54
-70
151
-74
150
-159
-60
-93
79
99
-77
-57
175
-227
-101
-147
88
-58
64
61
89
51
-69
-240
-81
-145
166
181
50
62
-188
-60
-58
119
85
136
-372
-154
-64
74
98
78
-239
-406
109
51
119
-243
52
79
-53
81
-110
-183
-151
-58
-287
122
147
-61
-107
-57
70
-160
-247
89
67
-123
-236
97
100
-299
-94
76
-140
-79
51
-141
-185
101
-128
62
-50
56
-56
130
-53
73
-87
60
82
146
58
64
72
67
79
146
-159
-179
54
200
-91
110
-88
-341
129
63
58
70
175
70
151
60
-239
-221
161
-58
78
77
94
-102
106
109
129
141
-116
-56
98
-281
81
-243
51
-75
-70
-331
68
-359
-65
73
53
-238
-218
92
97
102
83
-129
125
-137
-508
83
-182
65
83
-136
78
80
-73
100
-63
104
62
133
52
51
-249
-174
148
94
108
-72
118
96
68
117
112
-242
147
-51
-212
-74
109
117
-361
82
-65
85
-60
173
60
140
54
-260
98
-85
69
-52
-240
56
-257
-136
-59
-60
-52
-244
-201
62
-51
68
62
144
-106
91
-53
-226
-119
204
124
-159
-66
-143
-174
50
-106
-300
72
73
87
-241
-242
-315
-230
72
-342
-50
75
73
61
-261
60
-198
166
-249
157
85
54
-51
-223
-73
-55
-52
129
-124
51
63
70
-168
-364
68
-228
-159
-386
62
-440
-119
63
131
86
98
-269
99
84
52
-306
151
64
-58
-241
99
-54
-97
-211
172
123
-91
-51
60
154
-197
-145
53
53
-67
-261
-104
-275
75
-112
52
-87
63
-244
-50
-176
116
-57
-57
-131
-246
111
-138
-451
-209
110
-72
-83
-185
103
100
50
-228
56
50
-229
89
-163
54
166
-52
90
122
162
-59
91
-135
-321
-125
-103
-151
100
-175
-105
-114
-80
-84
-119
87
79
-52
-242
-106
68
-52
-192
61
61
72
-261
161
-430
105
50
-72
-107
142
-130
127
88
-94
-296
-101
-225
-331
59
73
62
80
-60
-262
149
134
100
-196
50
-169
-302
-58
66
-308
53
95
113
69
50
-56
-246
97
51
-321
-260
104
123
54
122
-147
-107
-411
111
-57
75
-171
70
115
86
-134
-320
91
73
82
-95
106
-260
82
56
-68
97
-114
-82
-244
-245
52
-317
-388
-545
116
55
70
-314
51
93
60
-63
-100
80
-94
93
-50
80
-63
99
-50
-64
-135
-245
-80
78
192
74
-59
73
139
-59
-87
90
-99
-133
89
-57
-52
-99
127
-56
-205
-97
83
-125
-60
127
60
59
50
-282
-108
-58
51
155
-56
142
70
125
-78
-219
58
-94
52
70
-242
-101
-73
96
103
140
112
-309
71
57
83
79
-161
-50
-267
160
84
58
-318
133
-221
-52
57
170
145
81
67
104
115
-141
156
66
123
66
-55
-50
-57
68
-66
58
125
-239
-51
196
73
-214
51
-50
53
-97
54
-64
55
101
-107
54
73
59
56
85
-140
164
60
60
193
144
-72
-241
-250
-316
86
70
119
-64
75
-97
153
-359
56
52
60
-283
99
80
-66
75
-86
101
-56
175
96
93
-138
100
130
99
79
79
65
-496
-52
-175
54
78
-64
-117
88
-130
51
-236
65
-353
73
-74
63
82
-84
-82
103
-60
122
88
-106
69
66
-261
87
-149
-96
-240
-97
-62
-261
-103
106
77
79
118
-68
172
-79
146
167
107
51
74
-70
61
-154
182
170
-63
-81
59
-106
-306
140
67
56
-140
64
-212
-241
89
119
-79
126
105
-89
-105
-114
136
-251
51
51
-256
-62
70
-156
68
100
-275
119
-157
-55
-84
103
86
-114
201
-111
82
68
-83
111
78
192
84
51
78
141
188
101
89
50
-52
59
101
61
-68
-59
-280
89
70
-262
-55
99
-91
93
-254
145
-82
52
77
-108
-273
-59
141
-245
94
54
102
-659
-71
-51
-120
67
98
-262
167
65
140
102
81
-168
67
-92
69
129
68
113
-60
135
-53
67
62
208
-111
56
62
-453
-58
-267
58
-342
98
-64
133
79
148
117
57
57
-61
-236
-212
-56
-186
106
120
142
-147
-145
-75
-75
-342
-163
85
158
-64
85
-72
-178
-176
-50
-75
-51
58
50
-189
-135
-117
-226
-53
-311
-108
70
-184
156
-58
-286
-75
77
-126
88
52
-75
53
90
-67
70
-52
-70
-50
-176
-56
-68
54
-69
-69
57
-143
-100
-148
84
-132
100
63
-133
-56
-143
-68
-97
-61
-76
-149
-205
50
54
83
-257
-105
74
-95
66
-61
-53
-75
54
57
57
-71
-322
92
-76
-63
-77
-228
66
95
-120
-83
-128
89
-180
-50
-189
-154
55
-202
-75
-131
62
-91
51
-55
81
-85
69
-55
-81
-104
-73
-195
-54
93
175
-129
57
102
-274
83
-132
112
58
72
-339
-108
116
-252
165
-218
55
80
72
76
-86
61
125
-322
-71
-50
-59
130
-257
187
58
-154
119
-69
-226
-90
-193
85
92
-50
57
-115
146
-78
57
-299
73
-110
-91
-311
67
94
-53
52
-202
110
112
89
58
-254
-56
69
-73
-74
-102
-322
50
109
121
80
65
-110
-71
-313
87
-62
61
-92
94
-125
186
89
130
-281
-97
-74
-69
-127
81
-167
-111
94
-90
93
-79
103
-95
-664
-121
-184
-89
-66
169
-187
-72
-505
57
116
-54
57
-273
-111
125
74
78
124
62
93
169
-98
-100
-52
-95
-327
-51
73
-75
156
62
-117
-242
58
58
-59
95
-50
153
80
-74
77
-383
-116
50
50
145
-111
-69
-204
-52
-56
91
58
-92
89
63
91
61
144
-295
82
-56
-92
55
87
89
64
-199
-215
-54
162
59
-103
-81
103
62
-364
55
-75
-63
-219
93
60
-51
96
121
145
123
57
-65
-240
78
81
-193
-50
116
52
-176
127
83
-58
137
-77
-229
-112
-265
-56
-469
-54
-54
-215
-257
50
55
-57
162
-113
58
-119
54
166
-54
58
-97
-104
-67
75
68
-249
-156
-58
-157
94
-52
73
-99
55
-51
-247
-56
142
-177
115
56
72
-59
70
113
61
97
84
-71
51
-65
-104
55
-84
77
-60
97
-50
54
117
120
113
81
-67
114
72
-150
74
-69
50
-246
64
-134
52
-89
-191
102
-100
-129
-82
61
98
111
-390
-213
-59
-62
-52
132
-240
98
58
-51
-125
121
-143
-66
-90
87
113
148
136
-84
95
51
-80
193
168
53
-255
177
-129
-140
-54
-52
73
-263
146
79
107
-598
-58
-60
-58
-58
-190
-64
-321
-250
-118
153
83
-88
-65
-257
52
-167
108
-57
70
-84
87
51
-246
-78
-324
-60
93
-263
-194
107
62
-78
63
-110
61
-193
111
-92
94
-361
68
-50
-119
65
57
61
103
92
-128
-96
80
128
74
62
-77
76
-68
-122
-95
-54
-58
-122
-73
-60
73
-54
-138
-146
-96
59
71
90
-110
63
75
-251
-77
65
64
-106
-210
59
-166
-61
-277
-59
-85
-53
110
-93
-118
84
-189
79
-194
-126
52
-284
61
-603
56
-94
-255
61
62
-126
-94
-187
89
-291
-67
-73
-90
-61
88
-77
-198
-62
-156
-63
-387
-223
-94
-106
-497
106
-67
69
-174
-237
-109
-401
65
-202
52
74
-116
-195
-459
-292
-64
-151
57
-57
-59
63
-108
-121
-56
101
-386
-63
50
-81
57
-262
-59
-92
-56
-57
54
-230
-55
-54
-122
-192
-205
145
-244
-64
62
84
54
-103
-127
-74
-70
-151
-161
-208
-213
59
-84
90
-140
97
-87
118
-141
-88
-50
136
78
153
-70
77
-231
-74
50
-68
-169
-135
-87
148
147
-63
-113
93
-240
50
-165
-404
-71
77
56
-271
-77
-53
88
61
-149
-255
-50
139
-308
53
-115
58
-269
-59
-140
-121
89
55
-57
-60
-92
-100
-69
-58
-229
95
104
-109
-101
-51
163
57
72
56
139
-193
65
-58
-173
-339
-88
-51
-116
-65
-87
-88
-90
-370
58
79
112
84
-127
-112
-51
121
-73
63
-239
106
-123
85
-72
-64
95
56
108
145
-60
133
-242
58
99
56
-65
80
83
52
104
71
-310
-236
80
135
-58
-60
-78
-244
-238
-76
-146
64
72
-53
-57
64
-169
-54
-144
60
54
-68
-129
-72
54
-68
57
61
80
130
136
169
-273
67
-292
74
-123
-62
63
88
97
-101
-52
-198
122
52
55
-57
-65
91
71
64
57
-95
-115
156
-246
84
-58
-222
-151
-84
102
-151
-129
137
80
70
-51
52
69
-58
-79
134
-107
82
-54
-66
65
-53
-169
-128
-75
100
-160
63
-148
68
96
144
74
74
-103
-71
-51
107
51
68
178
50
53
71
82
68
169
89
69
106
92
102
77
-200
71
126
-371
-159
-82
97
-62
-242
170
111
90
140
135
81
52
120
114
65
-522
54
82
91
-61
-139
98
-70
98
51
-58
-336
-256
58
82
88
144
-135
-118
-336
96
-240
91
112
185
-72
83
-57
93
-89
50
-169
60
-103
59
94
-54
-67
71
57
57
58
67
51
-76
73
151
-50
-52
-70
-194
-241
-57
-117
-296
89
76
-249
-328
-76
54
-99
179
118
-68
-85
-52
-161
-213
-133
58
58
116
-51
-54
66
-155
-56
58
-52
-249
148
119
95
-72
79
61
-71
-225
-52
-309
-54
-111
71
162
-258
-67
-250
-55
65
107
164
-56
72
139
112
56
-88
62
125
50
-73
-65
67
-169
-258
73
-312
-105
-219
-137
-117
100
124
56
-184
53
-117
-57
-117
69
109
120
91
142
69
-80
152
-130
76
57
-256
-54
111
90
-238
60
76
-201
88
-151
57
68
-156
120
-55
65
-679
69
74
-52
-112
-114
66
-250
72
-193
118
-274
-262
-72
-51
77
-282
103
122
129
50
-51
82
106
121
-65
58
-85
-87
60
-57
-58
168
149
-245
-100
69
-64
-102
108
53
-59
207
-55
120
130
-60
61
-55
-130
-100
-65
-63
-54
-129
75
66
102
-199
-225
173
-240
-93
-80
-96
-273
110
56
-56
-154
52
-172
-78
61
60
102
83
-131
-66
-120
-78
-249
87
-442
90
-221
86
56
-122
-389
-268
-699
133
86
99
-54
-256
-372
-54
55
-97
92
-135
-139
78
-71
-62
57
-198
51
-64
144
-331
-204
-95
-634
62
-56
-76
-116
121
118
-66
-165
-115
-184
-259
-68
55
51
-52
63
-63
-94
51
50
-105
-94
105
-90
109
-50
-125
-85
119
59
-336
123
-294
-65
62
-134
-329
-157
85
-152
-392
-159
-66
-55
102
-196
-154
176
52
63
-189
52
-69
-109
65
65
-163
-100
-60
-112
-194
89
93
-135
-67
94
72
150
-278
-92
-136
-77
-100
-167
-56
76
-130
102
-62
68
91
-282
88
-76
62
-173
115
-58
-84
68
-375
56
67
-148
-123
-269
-79
79
-112
52
-242
-278
115
-81
-222
-79
123
-178
115
-168
-80
-103
149
-316
62
-66
-86
-65
58
110
-615
-134
-66
-237
82
-97
88
-73
109
-303
50
-395
67
54
82
-144
95
50
85
-53
-184
-62
70
-140
86
137
110
-312
-296
-88
-314
100
67
-250
-267
95
-257
-56
59
-57
95
-205
-114
73
-114
-165
-54
-111
101
-453
-159
-222
-50
119
-111
71
136
-243
-331
118
69
109
98
-264
116
87
63
52
51
-66
128
116
-115
-196
175
55
91
-53
-52
-93
130
149
-124
-244
70
-50
-53
-79
-164
-50
75
-52
-552
57
-54
105
-139
71
144
58
58
51
-267
59
-466
-131
105
56
-146
-195
50
-71
-370
-54
79
95
56
-104
104
-243
50
61
69
55
51
70
-105
82
-60
-52
-51
123
-142
170
-282
-70
105
-247
-255
-242
-94
55
61
73
-51
64
68
74
100
-197
66
120
-126
125
-55
172
-107
-157
51
-334
83
65
-243
124
53
88
-71
52
-88
-64
67
130
-50
-79
120
71
115
-233
135
51
64
-52
67
79
76
63
87
-56
54
-98
-154
56
-64
-67
63
-299
-57
-52
76
68
63
72
50
75
73
-86
83
55
50
-155
-54
-64
137
77
92
119
64
-133
80
73
57
-88
-416
87
123
167
-135
-87
59
-91
97
153
-182
56
-213
62
-244
98
-52
-66
-67
-213
92
124
-235
-53
53
-58
53
-215
-245
75
-57
-244
151
-248
54
-58
-217
-227
80
-286
73
-239
55
78
76
-147
-57
90
153
-101
-84
51
130
65
-138
86
-50
80
-212
117
52
91
75
-54
68
178
-213
58
-360
59
59
88
-245
-258
-175
111
50
-127
-348
63
85
60
-263
-98
-51
64
130
56
-247
101
134
57
68
-50
71
122
174
-301
81
61
-64
-111
-203
-93
-57
114
50
-68
59
-296
53
156
-167
-57
94
82
-391
-73
54
-228
123
62
67
-57
55
57
-245
50
86
-355
93
-235
-68
-60
-167
-256
-294
74
103
70
-85
66
-311
-251
52
-94
-456
-247
55
-63
-87
-507
50
65
-84
108
92
141
54
-266
-223
59
53
-51
80
-353
-64
-78
-53
76
-327
-151
97
-412
136
-253
-68
68
89
-71
85
-114
83
-147
-641
-53
113
-259
-255
-298
-68
-106
82
-182
-171
-150
-158
92
55
-206
-295
61
-54
-341
-255
55
118
50
-79
86
-50
78
-166
52
113
50
97
-238
91
-295
-127
-183
-57
-315
-269
112
78
-310
136
-174
160
119
66
-120
75
-507
176
75
57
-236
59
202
175
56
60
80
143
-99
-75
65
-114
142
63
166
-79
81
-53
127
-143
71
-50
-296
-58
108
59
-290
-272
-107
-195
52
-137
53
52
-290
118
-78
-175
-224
117
142
-356
76
-65
-134
-117
143
-72
64
59
55
-205
-179
71
125
-69
50
-119
-151
126
-57
228
-66
-333
-174
53
-50
-241
-267
-100
-75
-257
-137
110
-201
-138
-50
-90
110
81
54
127
-51
60
-60
54
111
-65
136
-311
-100
-150
-175
81
61
-111
-235
-57
-206
118
52
-445
124
95
-110
111
-175
86
-54
-249
-287
72
152
-153
-87
155
-146
52
74
-204
-124
56
140
-146
109
56
64
-63
181
-144
-100
-94
-278
-71
-146
62
117
73
58
179
-193
-82
127
-320
-247
52
165
50
-258
-190
61
88
-57
-444
-99
104
149
-119
98
-232
69
89
91
-72
-54
106
-315
87
-75
-233
71
-356
80
-55
74
109
113
85
-374
-60
-51
50
-64
-161
79
108
89
73
114
56
-50
-248
-285
74
95
-50
-57
50
76
-78
98
82
-84
-250
123
-179
-219
51
56
-313
77
86
177
-243
72
99
143
71
-229
-415
61
-56
-256
-257
51
117
-242
165
85
-143
89
59
-52
-237
54
-380
-252
66
62
-231
-115
97
76
-78
102
54
125
117
51
65
90
-213
139
-210
67
-149
-86
-459
-59
142
63
-59
52
52
54
-50
116
-53
-276
-115
131
-103
-53
118
-201
79
-53
-102
168
67
77
-69
-60
118
94
70
193
111
-433
172
-52
-196
94
73
-70
94
-102
-85
111
140
-110
107
78
93
-50
-60
-248
50
78
-51
203
-336
-99
-102
70
66
-242
73
-242
72
56
53
-268
53
-52
95
-114
-53
89
141
60
93
50
109
-271
67
-51
56
184
-332
117
84
126
-79
59
-245
60
-55
75
187
100
99
76
75
80
-122
-243
54
-187
-251
-254
-198
119
64
98
87
70
-68
-124
87
78
54
-262
72
-63
-75
-328
116
-113
-51
72
55
75
106
92
-72
82
-98
77
55
63
-50
139
54
-61
113
89
101
52
-283
-420
-108
-415
57
-52
-355
64
-111
52
71
-51
69
-153
-237
-58
-57
85
95
52
94
54
-54
-87
-67
-112
143
73
-86
-56
-55
53
-51
74
58
50
69
-52
-253
-59
111
-261
-53
67
-204
-73
53
62
139
-111
116
-103
-58
81
-103
-127
147
56
-110
59
56
-69
-212
62
55
91
58
-331
57
106
-178
-105
77
-96
-136
-213
98
-54
-67
86
184
53
-264
87
-125
114
-261
-78
-85
-73
53
-70
100
-462
-62
-74
-53
62
-51
76
88
-55
133
86
-262
-465
65
96
96
62
-121
-242
-93
-346
-225
227
67
50
-67
64
55
53
-94
76
82
59
-51
-61
-67
97
72
55
-92
69
83
-95
-156
97
140
-351
-251
69
-65
-395
114
-93
64
73
-186
82
-57
-186
-107
-61
51
114
-342
-135
68
-239
-91
-250
-326
55
57
-57
-244
134
-261
105
-68
-222
-76
-51
-56
-82
99
66
-326
211
-116
54
85
-300
-100
94
63
-370
-166
-57
137
-106
62
-110
-125
-62
-90
92
-77
-69
-169
-137
87
51
92
-64
-186
-55
-544
-54
-130
-130
-60
-140
173
-446
-94
-64
-66
-146
-78
-60
89
89
53
-52
-123
-214
-54
-136
-130
-64
70
-282
-243
-59
-466
-91
-103
-103
50
94
80
65
51
63
211
67
-123
-160
-62
89
71
54
83
-140
81
66
-95
-390
-79
86
-132
-74
-54
-250
-66
-151
-295
-230
59
82
57
-97
79
-117
-102
74
91
62
-310
53
74
-158
-147
-92
133
-128
-79
77
-193
-135
50
-356
-187
81
112
-138
-127
101
53
57
-119
111
107
140
-432
-189
-55
-109
-79
106
109
-50
-423
122
-53
-317
-113
169
195
119
200
-99
61
165
73
-121
55
69
90
50
66
-112
112
-82
-86
111
-146
113
81
51
-157
-59
-189
-243
-109
-421
50
-67
75
-71
104
-92
62
145
-101
74
172
-261
-101
99
-258
89
54
-121
51
-124
91
85
87
66
-53
77
-193
-78
-171
144
-78
-54
94
94
-329
-314
152
122
-321
100
-56
-129
55
-256
68
61
69
-288
-102
70
143
130
50
-58
82
-57
-104
-228
-323
-222
81
-180
53
157
-224
-159
-67
51
58
57
-261
-145
-320
-56
-114
-56
-119
-105
-206
159
56
54
108
-69
110
-52
99
-50
-332
51
75
-253
-70
59
-86
-370
54
-74
-54
105
115
99
-123
-53
-468
107
100
-59
-226
-86
-453
-528
-587
-245
-111
113
165
74
152
-244
118
-248
61
88
-125
-51
-59
68
-91
-54
79
112
-252
-124
-256
-64
-243
144
-62
-52
-52
68
-58
173
-378
-88
64
69
91
166
57
52
57
144
61
109
-241
84
143
68
-283
80
-306
50
-320
53
89
-61
-56
-246
-53
-240
61
61
137
66
-64
-58
101
124
-103
52
-316
99
-159
-116
50
-340
-92
-59
119
113
96
-115
-78
57
-284
51
-361
158
103
56
-146
91
-120
92
82
-164
-156
-257
68
-138
-240
56
73
67
-304
-100
-50
-119
77
145
157
-92
-55
87
-160
-97
109
-84
-59
64
82
-56
-115
-73
-60
102
-114
86
113
72
166
-50
-80
62
-67
57
-248
-108
112
123
126
60
99
-58
55
-118
85
-69
146
-61
-159
-316
-97
-261
94
61
-230
-92
-69
59
-51
-318
171
-308
-76
-57
-50
-108
-462
-78
-53
55
96
-53
202
-52
-149
-56
-60
-287
-64
141
-50
-250
168
149
61
58
110
66
103
103
64
-237
-67
-175
93
57
109
98
52
-102
-50
-65
78
56
110
-258
80
-87
-371
61
-98
55
51
64
109
-120
-61
73
78
-241
62
-368
-300
78
99
-369
-57
77
-115
-50
-55
-66
-110
-56
69
52
-61
156
72
67
-65
-106
56
59
66
-56
59
101
64
112
66
63
-492
-307
-344
83
-52
50
67
-51
99
-70
190
-215
71
61
113
59
-55
-103
-106
-137
79
168
-56
-311
51
72
168
81
-92
98
148
-355
-142
-50
54
-396
105
-122
-248
-225
163
87
71
-146
-62
119
-325
-66
-280
84
-238
79
-50
81
-50
-61
74
69
-101
-61
-59
61
108
52
82
-92
-82
-265
-82
-459
-102
50
-320
104
119
-144
78
-66
88
60
-377
-293
-353
-122
82
-288
-156
-205
-86
68
-60
-78
-62
62
65
74
-246
-193
-100
-50
-253
-70
-158
-123
-198
-248
-57
-146
56
-286
-131
90
111
-57
84
-100
74
-57
-111
-89
-201
-66
-64
66
108
-52
52
55
165
-77
160
63
-50
-153
-81
-53
276
-236
57
-75
60
-170
-143
141
-154
130
122
56
81
129
-248
-50
-125
51
-68
51
-66
-50
-64
88
-85
190
71
-432
79
54
97
94
-51
-318
62
-54
-56
-504
127
86
98
-298
-83
76
-162
-145
-134
116
50
72
-59
-62
-63
-214
-61
-65
60
-165
-258
113
-237
-235
-88
-350
50
75
-67
-61
-123
-195
165
-141
196
81
63
53
-98
-88
-55
-93
-176
57
60
-352
129
96
-176
-183
-67
112
-55
59
-93
66
193
-553
103
-129
-327
52
83
52
112
113
150
142
64
-202
-151
57
111
-139
-73
-50
-88
140
83
145
-259
-50
-100
-532
-257
53
75
-103
86
105
164
-118
-70
-97
-78
147
-174
-259
-329
-139
120
-50
126
-309
124
84
70
112
-695
120
-310
-85
-109
109
138
159
54
-164
73
-225
-146
57
128
-118
-118
-72
-245
75
84
-87
61
67
59
107
-58
-341
125
-72
-60
-242
67
50
75
-130
-256
-235
50
-338
-246
66
-57
58
-71
-212
71
-75
75
-302
-204
61
51
150
55
77
111
58
-149
72
70
-235
-197
-200
-52
-68
-51
60
181
89
-60
78
-127
78
121
-243
122
-54
-90
-55
-53
-113
90
102
-74
90
52
117
-327
-57
-90
112
67
-73
53
-242
-256
136
-62
-73
55
56
133
-147
-252
50
-93
-51
186
71
-74
55
63
-114
174
-129
116
51
-214
114
87
-50
58
-258
-245
-168
72
-261
109
-85
-197
-68
116
52
80
190
96
62
67
160
-121
203
-61
-271
57
-80
-243
-77
-269
171
72
-53
57
97
-127
69
-61
-67
-145
114
58
-437
-93
76
97
181
-296
-226
-209
50
-52
-79
68
-264
96
60
-65
116
64
58
-52
147
-50
187
68
66
-55
-51
110
-70
126
-145
59
66
121
62
94
-81
-86
85
51
-196
-176
51
77
105
52
117
-84
103
-106
60
-330
143
84
67
-93
52
69
75
108
69
87
68
166
-264
-365
-54
98
153
-86
78
-180
-63
-159
187
74
-57
88
71
210
160
-123
-246
59
59
82
63
-89
57
50
77
77
-255
-63
64
-50
87
147
-63
96
74
103
70
-99
-55
-126
80
-343
-51
98
85
119
54
-278
160
-197
-148
81
-96
55
-299
56
-58
58
53
65
-484
74
74
-242
-117
-262
153
-249
-355
59
-86
75
-118
60
61
-275
87
-55
-62
-83
-253
-97
-132
-566
69
-133
-56
52
60
116
58
63
-58
-52
-62
97
-146
59
107
57
-170
-156
-263
-151
-177
-59
-392
-245
-240
-58
-91
-618
-90
53
-89
-278
-172
53
-242
126
90
61
102
-59
67
-289
82
61
59
-126
-82
104
-50
77
108
-62
-60
98
-237
50
72
91
-200
132
-51
54
65
71
-69
61
66
52
-85
56
131
50
118
78
74
61
114
-98
-83
-199
154
-73
-99
74
-110
59
-50
73
63
109
-132
67
-75
-109
-56
-83
88
-243
108
-73
61
179
-52
102
53
-67
-316
64
103
-68
56
71
66
-56
64
65
53
-105
-86
-332
-155
-84
-331
-54
-81
156
-50
-260
-66
-250
-245
65
100
72
98
60
62
-54
64
55
56
-58
107
-81
-100
70
149
-86
-60
87
59
-126
79
106
-170
105
51
83
-66
56
52
-103
-147
-145
-85
60
-57
-52
74
-271
-104
84
-84
61
-81
66
93
56
-87
-103
51
-51
-84
-53
-242
118
50
106
-340
169
148
-152
133
112
57
52
-92
92
-86
-89
-57
-126
-175
-55
84
60
80
-50
75
-64
96
-118
-54
-96
96
-241
93
61
-454
-99
-230
-251
54
-52
-395
-130
-55
-96
-53
97
-151
53
-178
-152
-83
-79
94
-60
-56
-50
-82
50
-160
-148
-79
82
-143
85
56
-103
-152
-80
-160
-140
112
-58
-76
63
-260
-238
-237
-84
-113
-131
-63
-92
-55
-143
-79
-121
-155
-50
-81
-109
-94
-87
100
70
-491
-313
-66
87
-312
-104
-258
-107
-53
-91
-95
-197
100
51
-65
-250
-99
76
76
-55
-76
113
52
93
126
-253
-113
-83
-100
-302
-52
-135
-82
55
71
-215
-183
-58
-99
-60
-79
-62
64
-75
-224
60
-62
-62
71
-50
-77
67
-252
-147
-54
-71
117
-126
-58
89
-103
98
131
-50
145
-126
83
-60
-322
125
-68
-343
-50
53
-60
-64
-153
106
-180
-71
-53
-121
110
-73
-132
114
65
55
-51
-50
-304
-93
59
-81
-52
119
-95
-124
-88
71
113
87
-90
78
-76
-54
-80
79
-78
-240
-60
80
-55
-243
75
95
180
-270
69
76
61
-58
161
-64
158
73
-135
128
-150
85
-166
80
96
62
136
-63
52
164
51
-147
-109
82
-126
96
-183
-50
86
-225
144
54
-127
149
56
95
-71
74
89
59
111
-148
100
76
51
78
99
106
-93
-235
-331
52
-285
76
57
127
67
-179
139
122
-121
-103
-51
78
-54
97
122
-250
-168
-124
86
-66
51
63
138
-129
-61
57
-247
-50
76
-93
178
83
53
-64
-153
-311
64
87
73
-181
142
61
-152
77
119
-82
-283
-282
-248
121
108
-53
142
103
74
-101
-319
110
-86
71
-257
-242
-120
55
77
-150
123
77
-80
-69
-193
-90
-371
-104
69
56
-56
-64
56
-249
92
182
53
-291
-194
50
96
84
88
70
120
-324
-50
174
51
61
147
62
-57
72
-53
-52
189
134
-201
55
-51
50
-165
69
173
109
57
77
86
52
-111
-320
51
56
-336
111
115
77
-101
-66
-63
77
109
122
86
50
-93
185
-152
72
50
164
-65
-241
-65
-54
-90
-164
-112
-395
-66
-52
52
69
-184
71
-104
-60
122
-64
62
-124
-79
-255
-158
120
-50
-243
100
73
-59
131
-52
-53
89
85
-183
-50
99
57
59
114
153
177
71
-164
-50
50
64
-61
-113
-234
-104
-67
80
-115
171
-175
122
182
78
149
173
94
57
51
-147
-82
75
87
55
56
51
69
120
83
-205
-273
59
127
-187
79
-52
154
-243
-56
-137
-267
-86
-62
55
-319
-63
65
-135
130
190
-149
-153
-52
-61
105
-66
107
66
-50
-156
-208
55
166
73
97
-73
-57
-242
-323
-128
-90
-61
64
-120
105
-181
-245
68
-51
120
-51
-78
-160
-60
96
-74
-135
-50
-151
-56
-103
-326
112
-238
-120
145
53
58
-69
-70
-147
86
111
-238
150
-255
62
118
-72
50
53
-185
-66
100
113
105
-98
110
56
-127
-74
-85
57
-226
-52
109
-50
-123
-136
-216
-93
54
-59
-213
-182
60
89
-173
-50
106
-62
-249
-66
68
167
-170
-54
-81
60
51
73
111
-311
165
62
50
225
-118
-242
-103
74
53
-283
-105
-90
-57
-378
60
-54
-66
-120
-146
69
-122
-231
-86
-130
-156
-176
-60
178
62
-89
-97
101
78
-191
-80
-97
-88
88
-121
-60
-63
-96
67
-94
53
-84
-59
-293
-64
-102
78
-52
97
50
-76
-615
-76
109
100
-180
102
50
-123
108
-52
-204
-215
74
95
60
-52
135
-86
-110
-261
-70
56
-59
-88
-127
-165
-234
-196
-220
82
-61
118
-79
-64
164
-100
-58
61
-175
55
62
-57
-86
128
94
139
50
-60
-265
75
-223
136
-148
-160
-469
-346
-53
73
-60
106
63
79
61
131
-104
-78
-273
112
-56
-195
-159
61
-53
-120
-312
63
99
134
56
-50
87
74
92
-208
-53
-50
-79
107
-285
67
60
125
-55
67
57
72
-73
-65
90
-344
-67
-135
-84
-62
141
60
71
-52
-335
-163
60
-79
67
71
-241
-102
53
61
-60
93
-436
57
145
-50
93
66
50
-118
-147
57
-370
-238
148
52
113
-186
-130
-70
-160
86
-68
-95
53
139
-244
99
56
-119
164
70
109
97
-178
-130
-53
61
-97
67
-122
-50
176
-82
59
-56
83
60
75
121
-186
-52
-316
-137
167
89
-342
68
99
146
117
58
72
57
-113
-53
-88
65
-66
129
62
87
100
-440
-245
-133
-265
88
58
-55
69
67
69
-100
91
55
-184
65
137
85
78
94
70
-174
-362
56
-205
50
73
-103
-279
-319
156
81
55
62
168
-610
85
-146
52
58
101
87
-316
70
52
65
72
94
115
127
-136
77
-50
-69
-245
77
-377
109
59
-242
109
57
-96
-254
88
-88
50
-146
-51
60
52
-305
62
-155
77
50
57
80
-245
-90
-82
-256
163
-74
-60
-344
54
-72
60
98
-76
-75
-90
-171
-67
61
-56
-97
81
-59
-104
63
61
145
-57
51
-74
79
70
58
-124
90
61
-261
87
109
62
-603
84
-97
146
68
-54
139
-118
82
61
141
64
187
56
-127
61
70
58
97
62
128
-58
-264
51
151
52
135
130
102
-119
-71
160
89
-52
87
60
57
123
107
-204
105
-50
-79
80
118
-65
-254
73
51
-103
-64
111
118
75
-122
66
104
107
-72
91
-50
55
161
98
75
80
98
50
-209
182
161
90
-58
51
-55
53
-60
125
119
-117
-235
50
153
59
63
54
128
-86
85
84
-627
122
55
-66
102
-212
112
64
105
72
-62
85
-75
106
113
159
141
54
-129
81
106
133
55
108
76
-55
-91
-99
-50
177
-119
108
-244
58
-143
79
92
-51
108
162
-62
-459
54
51
-380
117
-59
-52
-79
79
-79
56
-147
158
85
-51
-55
-163
-58
77
-50
51
77
-106
-121
182
-138
65
54
67
60
-267
-131
-249
80
66
51
-252
-207
127
142
-173
61
-81
74
-240
72
-256
-100
61
182
-252
-56
167
68
92
-66
122
56
195
-201
77
-75
117
-302
-84
53
66
127
-54
-232
87
90
-88
-72
-58
56
119
-70
-51
108
-367
51
-52
-242
-246
-257
94
-91
-64
145
53
-160
56
54
-243
55
-50
-52
-84
53
-51
-268
52
102
-60
62
106
89
-235
-92
-106
-183
81
60
77
50
71
68
50
76
-155
146
-166
55
107
165
54
-164
-259
-233
76
62
-60
-205
-117
-157
-427
66
-128
63
-95
-113
-127
-98
69
-80
79
-52
53
105
115
181
128
-66
-261
-55
109
91
87
-160
-129
-72
-222
67
67
75
-187
-165
-107
50
82
-53
53
-119
-51
149
70
-256
-50
-51
53
-158
-173
-86
-237
126
54
-72
-330
71
-103
128
87
-67
-52
-60
59
60
107
-101
-61
-74
-160
-183
108
-61
-143
96
-81
84
68
-56
-105
-151
53
62
-53
-50
-91
-324
-74
-72
-54
-50
53
-66
-60
70
-53
-60
52
-162
-56
51
95
-80
-191
-412
-54
-65
-116
51
66
95
-113
90
-68
-151
-56
-83
60
-58
-161
-106
-115
205
-118
-133
-145
101
-84
93
-286
-235
-176
-54
96
-289
-100
61
104
88
-106
-69
-112
119
94
-167
-117
-295
-299
-68
76
-142
98
-117
-165
-144
-107
-388
56
134
-327
74
136
-298
50
-87
120
114
-50
-102
-247
-56
-117
-120
83
-52
-88
-177
56
-252
132
-544
-52
-58
-102
-244
-72
59
51
164
-225
-281
61
-455
-52
-266
51
93
-89
-335
-55
142
-165
53
51
-50
-248
-71
106
-143
86
-100
67
57
112
-55
-110
-95
-230
-279
84
-54
89
-117
119
-56
-188
-198
62
-381
52
-83
-96
58
86
70
-80
-62
59
-294
57
69
-133
112
-180
79
115
73
-266
-50
-164
51
-334
130
-400
112
-205
86
121
67
-147
70
-381
-107
53
83
-96
-145
-60
73
52
96
-281
-100
59
61
-60
191
62
162
-192
51
181
77
-258
62
58
69
66
68
-58
-138
123
-55
52
69
123
77
-53
-135
-60
139
-68
68
51
130
90
-249
-89
-220
83
95
86
72
121
97
-61
103
56
65
87
-109
63
54
-64
-272
54
-91
107
79
59
-108
169
124
-91
207
-63
-252
-86
61
121
52
107
50
96
-110
72
-61
55
64
-70
67
116
82
86
-68
60
-336
64
75
75
54
-219
-125
173
102
-54
123
-58
-171
-72
-104
-245
54
76
-245
-171
91
-75
-50
57
135
59
-353
-215
67
80
57
69
117
-72
-238
68
-79
-176
-64
-55
118
151
-266
60
50
78
140
152
62
56
-354
63
-80
-198
-90
-138
-194
80
50
137
87
63
50
65
184
-76
-90
-144
-50
-80
-175
-95
81
-75
-245
163
-68
-82
-245
104
69
50
-95
-105
159
-51
-68
111
-80
112
-248
64
50
101
104
-372
90
-65
88
70
133
83
54
-214
69
73
-119
73
102
67
-67
122
61
-54
-318
-60
-243
139
94
78
-297
59
150
-52
-139
57
-123
-50
128
-53
139
98
-63
-59
-128
94
-69
107
110
-349
-195
62
52
94
124
-159
-307
-50
-100
-190
-50
73
62
-51
-54
62
-151
71
-378
60
186
142
165
81
65
86
96
-163
-263
-106
-52
65
-53
-58
-246
-116
65
-258
-87
69
58
-223
-268
127
70
-60
84
-232
-123
-87
-55
-264
-52
-58
125
58
79
-54
-50
-146
60
-209
-161
134
-189
138
62
73
98
57
118
-57
70
-336
-331
57
-69
-261
-213
-53
-66
-77
105
-86
114
156
-64
-180
-60
-219
-172
94
-55
-139
70
78
60
-62
73
107
-56
165
-195
-397
103
145
-222
-80
97
-60
60
63
111
87
-50
-456
67
-51
66
53
50
-278
106
155
118
55
56
-58
122
-160
181
-53
-172
69
-353
181
-258
88
98
-340
-53
89
121
-56
147
124
56
50
64
55
76
63
52
106
-72
84
-345
-267
102
128
-87
-85
-55
-179
94
-329
56
66
-62
59
-197
-52
70
-246
68
-54
193
-266
-103
-91
62
-198
-66
106
-104
-152
-248
97
-56
93
-308
-93
80
128
-273
65
58
67
-118
164
-238
-163
121
148
121
147
99
99
-85
127
51
61
70
-225
-172
62
-232
57
-171
68
188
-80
102
54
-87
108
79
-139
-324
-94
-261
-92
68
-56
-67
-62
172
139
68
-192
103
-98
-52
-160
69
68
93
-71
-102
96
-331
109
87
-316
-191
54
75
-128
-250
-134
56
-122
187
107
133
89
53
60
-112
72
-52
-91
-119
191
90
-216
68
101
107
109
51
71
-223
-113
-128
-125
-105
168
99
-58
58
-308
-154
-116
-82
-259
-87
-66
-54
-272
-321
-187
-171
-122
-106
111
-162
134
60
66
-153
-80
62
-53
-61
-207
86
-54
-64
-110
127
-52
84
55
-227
-114
58
-84
-50
-132
-51
-551
67
-274
158
-242
-65
-65
-68
-95
-235
-99
61
-51
-75
50
-254
106
69
130
94
67
-71
-76
-150
-136
59
63
-76
157
101
126
-54
-133
-174
141
111
-173
-113
-169
66
157
-300
69
82
69
-283
87
-50
62
129
76
-96
-66
-56
-173
-51
132
68
-366
51
-123
64
-57
-76
-259
51
-130
50
86
-53
-50
-77
57
-64
56
138
99
-243
66
-60
64
146
-295
-186
139
-56
64
135
-51
-134
-58
-150
-51
105
129
60
-218
93
-228
65
60
51
87
76
-246
-224
-370
-367
-59
-237
-76
-61
-422
-218
-124
55
108
56
-53
-153
138
67
-152
78
-54
114
-62
-59
56
98
114
62
88
56
-127
-150
73
101
79
76
-90
70
-259
85
95
-91
83
-85
-450
-226
93
-258
-94
59
135
-242
79
65
-80
69
-108
94
-74
143
-51
51
-75
159
-243
57
-258
108
65
-110
58
94
-338
54
-242
-304
-242
-72
113
60
-65
89
98
60
76
98
-53
62
-244
-51
-122
-71
142
65
191
187
89
133
-307
98
83
-70
-88
83
-187
-52
83
117
78
79
-80
106
-84
-57
-430
-92
-151
116
-186
-58
81
-91
58
92
123
82
-222
-59
-144
-68
-242
90
-131
-113
84
92
51
-70
54
64
-56
-146
-51
-83
-53
-196
81
-265
-267
72
-241
124
-244
-61
-54
94
-54
-219
59
-111
91
-577
53
102
-246
-56
143
191
-70
56
-254
53
81
-127
80
104
-228
-86
64
112
106
-156
-139
-56
91
61
94
-61
-249
147
-218
55
-64
56
115
-248
-276
206
-260
119
51
62
67
134
-147
-50
67
72
52
-196
78
-66
-62
78
-239
-146
-167
66
-153
-84
89
-331
83
71
111
56
-57
-146
-50
-227
63
-398
50
93
-187
-109
67
-257
113
-70
116
-213
116
51
76
61
-323
-87
-141
95
-134
-55
123
-205
98
-248
-260
-299
-94
128
-56
63
-78
50
-393
-104
-318
74
58
-123
52
74
111
-122
-264
-323
88
110
110
-62
53
-74
65
-62
79
-92
-50
127
-118
-76
-165
60
-118
60
-193
63
-182
53
-84
-72
-137
93
-56
63
-67
60
51
57
-87
-120
92
67
94
-109
129
-50
82
-69
151
58
-241
51
-54
58
163
-64
113
93
-141
-68
86
148
65
-50
-123
-272
-179
117
63
-52
128
59
-56
-237
63
61
-101
-135
51
60
-141
-537
-71
56
-53
-194
-56
-86
99
-196
-80
-103
98
-140
-307
-50
124
121
-110
-93
54
-132
-146
-61
160
-67
-51
-70
-318
123
-215
102
70
73
58
-81
103
50
57
-50
60
-364
-82
-70
56
-120
-147
69
-102
-69
57
-114
57
-129
99
-184
-222
-143
69
-259
107
57
-149
79
73
-68
-181
62
50
-60
-115
163
56
-351
-209
-91
-186
-117
54
-52
62
-67
-53
-90
89
172
-102
-238
-263
123
-130
-209
-223
163
-71
62
-68
-157
-111
-119
-170
-297
57
91
133
-57
178
62
67
-191
84
-62
64
50
-175
-84
-50
-241
72
92
70
61
-367
-113
-74
-212
-137
-107
-197
-174
-231
-236
-50
74
-214
-112
51
136
52
-402
-228
-52
-145
81
-56
-75
118
60
-54
-50
84
-183
59
-56
53
80
-68
-68
64
-52
106
102
179
193
-312
-251
144
120
97
162
57
53
118
-168
53
-70
-56
85
145
119
-270
103
-136
87
136
69
-180
99
54
67
50
144
51
-88
57
-260
67
61
-96
66
51
-50
87
-94
-54
148
-104
-378
-89
61
79
62
-324
-263
-161
-150
82
-191
-57
-358
133
106
-248
160
160
-51
-142
94
54
-373
128
-283
99
88
82
-56
-100
-54
50
83
71
-81
-122
-241
-126
56
-170
-62
137
-84
60
-79
57
-54
65
-616
-268
-247
58
91
-240
83
-184
70
96
96
-62
-55
-159
66
-160
88
-59
-65
-50
-123
178
-145
121
70
-101
53
-251
81
175
166
70
52
57
77
55
-50
60
114
-64
69
-94
64
59
64
99
87
115
50
101
76
-66
108
112
75
129
-87
53
212
53
-119
77
-54
-77
60
79
-52
-50
153
-196
-248
169
64
-126
98
72
-190
85
-57
-153
-362
159
98
-298
61
-248
-123
90
63
-66
74
88
160
-146
58
-120
154
104
-88
-106
106
142
142
-96
59
51
121
-136
76
-83
164
108
-153
77
50
-237
-54
-96
-122
-54
-451
-66
54
69
87
54
103
-281
177
-90
83
103
-239
-168
136
-245
131
-56
54
99
-448
84
95
101
60
-108
-97
108
-123
-59
-110
52
-59
61
118
-159
125
92
74
160
50
-55
105
56
153
-243
-116
-101
94
-251
-54
61
-233
109
-183
-403
-165
85
112
75
147
62
-65
-69
-516
-50
-192
77
53
-62
-228
59
130
-373
-122
86
179
-148
69
-92
85
84
72
122
62
-74
-127
-61
-56
-73
-235
-330
-81
-68
55
85
-243
-72
-323
-51
53
-58
-54
96
-89
-319
69
59
-374
66
-102
55
-64
109
100
-248
-104
98
-225
92
-151
-76
70
168
-64
-53
-59
-122
-60
92
-68
-106
85
-125
55
-314
109
101
-85
148
-211
99
128
89
173
-256
186
54
-310
-272
75
-104
90
79
56
-298
66
-181
-123
78
-52
-216
86
54
67
-77
66
68
-295
-273
-162
54
105
-64
51
97
-74
53
134
148
-241
68
63
110
-87
209
69
-96
-96
-56
-55
-58
-139
75
64
60
-314
-57
-78
71
-205
-53
-51
-222
88
-252
-188
-168
-238
-50
-152
60
149
58
126
-162
54
-259
72
55
-67
-93
-56
-76
94
94
-66
-78
-447
-119
-237
-206
198
83
-50
-211
186
-310
-208
-81
-217
180
-111
-59
-52
192
-65
54
-53
-115
65
-131
161
66
67
175
-93
-121
62
-56
96
132
-370
-58
-55
143
-188
-117
-221
-58
-213
-52
108
54
71
109
-168
53
-52
-199
51
287
-246
91
-151
67
83
-51
67
105
80
89
-256
-318
-140
-114
-56
-117
-83
138
-278
-78
-266
139
-74
92
-184
-50
109
-113
-175
-346
-100
-60
110
78
-54
93
-125
101
50
66
-124
110
52
75
58
78
84
-58
64
116
-252
134
-50
-114
-60
-61
123
84
68
61
133
52
87
-89
95
61
66
58
-231
118
176
121
179
-60
-151
-152
64
-232
-221
-89
-60
-141
-319
91
139
-247
64
64
-244
64
-51
-52
-59
146
-78
-233
-193
64
108
163
-206
-78
-125
-344
152
-69
65
-83
69
78
-89
-410
-362
50
-87
85
-129
-180
82
91
95
-59
97
-317
82
-160
57
-84
58
-131
-137
-209
-54
-65
152
61
52
-55
75
-163
-214
-50
-135
61
-183
-84
-83
-68
-52
154
-205
136
-237
-186
117
76
114
-81
95
181
-224
138
75
-158
112
-79
-102
78
87
78
93
142
72
-55
135
-260
71
125
-54
52
84
103
50
74
-154
53
67
91
62
143
67
73
-60
-136
78
-245
-268
81
73
68
-118
-111
-82
59
-109
-94
74
76
111
116
61
-51
52
-246
131
-51
149
-272
125
-103
69
-76
122
-351
-57
135
-57
71
-53
58
61
56
-113
-66
-118
-268
106
-90
56
86
54
-161
110
-107
-145
55
99
-135
-100
-88
52
79
127
-248
-239
57
-250
-313
-58
127
-199
79
181
-54
-65
-50
-348
-115
-94
-218
-163
-53
-77
67
-55
53
-267
50
158
-135
83
-139
86
-230
52
-53
-163
53
114
-320
82
128
79
57
91
141
-60
124
73
-140
89
-88
199
-67
102
70
57
93
120
-256
62
-244
-242
75
89
-56
60
-53
-63
114
60
-60
-241
118
56
-61
84
58
-123
-53
-59
96
114
115
109
-59
81
51
57
-110
59
60
79
155
158
-60
58
58
-247
-59
52
80
121
-59
60
127
-250
81
150
-328
-71
69
134
81
137
100
83
-76
130
-165
163
-52
-50
70
85
-146
86
81
56
70
-241
93
85
-86
103
-215
89
55
71
118
68
54
-50
162
54
52
-282
-122
70
-84
-212
-66
176
51
123
-177
-63
-103
-361
-113
-86
161
-60
112
-59
57
72
81
-302
-53
71
-55
78
-58
-327
-267
292
-283
137
-210
-51
53
108
54
51
80
58
-57
111
-420
-55
-259
-104
-71
65
87
107
121
65
54
-124
50
-105
-50
-70
-77
90
112
-239
-90
102
-308
-54
127
-195
132
115
-168
-68
-126
-51
53
-107
-58
133
-115
63
-87
123
51
-50
-255
83
-88
-110
84
-103
-372
-56
52
54
-111
-135
102
-75
-78
175
-207
136
61
-70
94
67
-69
100
91
-92
-355
64
105
-271
89
57
124
98
-58
53
-154
-229
-53
73
94
142
-59
-90
91
-234
-135
58
62
-50
-94
-212
104
-115
52
-373
54
73
-152
51
-59
-266
51
-295
-122
64
67
-110
-54
146
114
86
63
96
-104
74
-70
-68
-330
-146
-247
-55
-93
124
-186
110
-217
68
-139
-70
87
89
62
-252
-262
171
52
-53
61
107
-254
76
180
-52
128
-60
-94
116
-152
-68
-255
-189
141
167
50
54
100
-60
67
59
-241
-126
74
94
69
57
-412
-51
-110
81
55
-126
95
56
-177
-70
-89
80
-239
-320
-59
54
-242
-626
118
63
-195
96
72
141
-259
-312
80
-245
98
-96
54
-77
-561
-330
-465
-289
-346
-57
-308
-176
-263
184
-58
113
95
-95
-349
116
64
79
110
106
-50
-234
131
60
-105
-55
-317
-372
-433
56
-62
-578
169
-155
99
52
110
61
56
55
113
53
57
-387
127
-97
88
-56
82
70
-127
66
-66
-197
-56
134
-104
83
-124
-113
-218
-143
158
154
-80
60
88
63
62
102
78
75
-137
98
-389
67
56
-98
80
120
58
-82
-128
52
71
172
81
-77
-284
80
-117
71
125
84
64
89
89
90
-280
-107
-54
60
55
87
-195
-244
-65
65
167
-60
-69
73
77
72
-204
-76
92
-112
59
61
114
77
89
-78
-62
-78
83
85
-127
200
52
102
-58
198
-182
58
56
-93
-328
70
-53
-63
-252
-248
56
81
-57
-134
53
-90
-65
-149
-111
-71
-107
162
-62
-52
51
-125
-241
93
-103
-116
-96
55
122
65
-78
94
-254
-144
109
-127
77
-95
94
175
-53
98
60
-250
-213
189
-66
-57
-164
75
-160
113
69
-76
-110
142
-53
-159
86
-326
-58
73
51
-52
-50
53
88
121
99
66
51
72
77
-71
-59
-190
63
89
-55
-451
-563
78
-58
85
-52
-304
94
-255
-97
-128
100
-175
60
-96
84
-185
-61
106
54
-103
78
-54
57
-126
-96
101
-54
57
53
67
-323
127
52
-361
88
-55
-67
-53
-102
83
92
-50
-131
-241
67
-50
-211
102
53
-317
-440
58
81
-166
94
69
161
-141
103
62
-55
82
-61
-243
184
-89
54
-184
163
145
-338
-65
76
-50
145
-160
119
51
99
62
67
50
-61
-54
-57
53
56
-188
-254
-98
198
50
122
-55
-315
51
-213
112
79
90
121
-199
111
99
-159
-87
-278
-90
57
-90
-113
-201
-64
84
-112
-394
52
74
78
-303
-70
52
-52
59
-276
-336
-190
129
66
96
-60
-155
125
-87
62
-66
120
106
-117
-54
135
58
61
-131
54
-81
102
51
-100
-350
-56
136
-108
-53
63
71
-56
-67
-58
-75
-228
-217
64
-144
57
-54
70
51
-91
-78
-89
64
-110
-62
-243
-77
-240
-126
-79
123
51
-69
134
-101
57
126
-68
-84
-50
80
-78
55
86
65
-93
-88
-72
57
105
-54
-85
-79
-178
63
116
164
-144
-67
52
-137
-251
65
62
-115
-131
84
-80
59
-294
-241
-114
-62
161
74
-59
-307
-123
-68
52
-184
75
110
-425
112
-58
-72
-127
54
-109
70
-134
-105
-484
-162
-268
-50
-77
91
-121
-88
84
116
-537
-54
-137
136
54
-255
-148
81
102
120
78
60
60
-102
-272
50
64
-108
-253
56
-123
121
-145
60
97
92
52
-51
-214
-185
83
134
-166
-65
-73
-155
-150
98
53
65
-186
-69
-53
56
63
-178
-157
55
-129
-118
-95
-104
67
-105
-286
60
-75
-76
-332
-300
95
-187
72
-240
-52
-135
-118
-56
-124
52
-271
-308
83
151
-392
-107
-228
99
-95
-96
177
-195
-53
126
-354
-108
102
84
95
-94
158
113
-93
51
-68
-62
-227
61
-269
-137
134
-352
85
53
-385
57
68
-114
71
75
106
-246
52
-238
71
175
-481
62
162
52
-100
86
-53
60
-209
-59
125
-130
57
52
94
-75
153
146
-255
-57
-56
-130
66
-140
-76
-85
95
-86
58
-243
-145
50
61
-120
61
-246
59
93
52
-257
51
86
-151
63
-102
-62
-91
154
58
-244
86
132
90
67
-52
-307
-171
148
148
93
74
51
50
100
53
-378
62
-203
-66
181
61
-77
63
-52
69
84
60
73
-54
-84
94
78
76
-78
50
52
158
59
105
-374
94
-381
60
-51
140
78
-99
-93
-59
89
-317
-162
81
-55
-95
87
180
-246
-278
-168
75
-71
-51
53
-256
-180
-280
-233
55
-179
-83
56
151
67
77
-93
-54
-50
67
-58
-88
-132
-86
57
64
107
52
84
-156
82
-52
54
-59
-56
-264
93
61
124
-247
-68
65
69
-72
93
86
-177
-281
53
55
-79
-74
-52
69
-167
-90
67
-54
59
-60
59
-76
-56
116
114
-67
-145
-58
-64
174
75
-53
-310
-134
-335
-50
102
113
67
102
51
134
-164
68
62
93
-59
106
-138
58
-195
142
-247
-67
93
113
-55
109
80
-56
50
55
-61
82
-243
63
-239
-106
-98
79
124
84
56
-84
129
-55
172
-168
103
-252
62
119
79
-50
-255
-53
75
-74
148
-114
-110
109
65
122
-55
149
77
-51
-121
75
57
83
74
-120
-84
94
85
-105
74
80
71
-50
123
-50
65
-74
73
102
-85
-51
-125
-639
65
-104
53
-173
-232
84
86
57
-63
50
124
99
80
85
-72
95
-242
86
56
50
152
51
-170
90
-451
-89
104
58
99
70
-93
70
66
132
56
107
95
-101
95
-89
-70
124
-106
-80
-51
96
-66
-151
-65
65
141
61
119
67
-51
-393
117
-346
63
80
101
61
75
-61
-51
66
172
51
107
65
-241
123
86
78
141
58
-58
61
55
181
-74
-91
64
123
95
73
-116
-62
116
59
151
168
-55
141
-114
106
-148
-55
-141
-192
70
65
98
-85
123
-136
82
131
74
-96
-80
-58
-67
-60
98
-56
61
-257
-51
53
-250
-118
-309
65
-175
-59
-125
-364
-54
75
-214
79
-69
-309
-60
-52
-175
52
70
-77
-119
54
51
-143
-93
-77
-85
94
80
-686
-96
151
-72
91
172
-87
134
66
-128
-53
67
-154
79
65
-74
149
-71
-139
-218
-68
53
56
74
-53
-106
-52
-315
96
87
-53
52
77
-142
-149
89
-230
98
212
-57
-253
52
-141
61
109
-182
70
-88
66
78
-133
107
82
148
109
50
-92
58
83
114
101
81
56
55
-188
154
124
78
69
-51
-60
-52
53
52
55
65
52
-129
82
68
78
-84
-116
92
86
64
62
-60
154
82
89
50
127
-54
80
-73
51
-85
-317
56
-58
-213
50
-54
192
71
96
-200
78
99
89
-248
88
70
-65
94
-242
51
-82
-164
-92
66
92
51
-245
-79
67
87
-92
107
69
-249
-216
-200
-81
-61
-74
-150
102
82
122
-175
51
-251
156
77
-248
128
97
100
-50
-89
-52
68
111
-329
-327
90
70
99
-255
-56
-70
-196
-52
54
-138
-287
-57
60
-61
86
98
-114
-58
-50
113
-196
-277
130
56
-100
-51
-75
-53
86
110
-258
-203
-137
-159
80
-74
-258
67
68
-86
-248
77
-179
-65
-478
142
82
203
109
-59
73
60
68
66
-310
52
-127
143
60
54
61
-121
-243
-54
74
-132
-212
-79
-133
-174
131
-173
139
67
-52
-90
-253
112
-169
97
-400
-96
-403
78
57
-53
106
-235
-114
-72
-63
-73
53
82
72
93
59
59
-64
76
62
-121
67
-143
-76
74
88
68
-64
-88
-215
-67
54
-65
61
54
62
81
-245
-53
90
66
116
-129
140
52
-140
-53
-466
87
91
-142
100
170
80
-299
-244
139
-62
128
58
53
52
-143
-91
98
55
154
65
54
-202
59
62
-76
57
68
62
121
-181
112
-241
-237
81
94
-75
136
59
140
106
-163
82
74
71
-139
104
59
99
-107
-146
91
182
113
-233
-99
135
-55
-191
-56
79
-88
97
78
63
56
128
-136
69
57
81
-51
-242
-178
75
56
108
77
-78
-124
88
-241
73
-239
60
94
104
-134
177
-458
-125
186
-107
-50
-65
-180
58
-116
75
60
94
68
58
-129
-66
82
-241
103
96
-285
-238
-51
-64
135
61
-57
145
109
87
120
114
85
-136
-392
88
-163
-329
-68
-302
83
92
-191
99
-243
-96
86
-61
-221
191
74
122
-197
-88
-148
-109
67
-243
78
-56
56
84
-54
-52
-81
173
68
76
150
54
-119
-108
122
-54
-362
-142
-72
86
-50
-52
88
-62
50
83
152
135
-243
57
113
74
-483
69
-129
68
121
-53
92
-257
-95
-259
148
70
-110
65
112
67
-62
-64
-58
58
67
-50
165
81
54
-393
95
-92
94
74
126
162
55
131
122
50
84
63
103
-278
61
-97
60
108
50
-146
141
-70
114
-128
-488
-63
-627
-98
59
-52
136
-100
-265
185
84
-50
-52
59
56
61
-74
61
64
76
-164
-165
117
-58
-327
-70
75
157
-142
68
-271
102
93
-50
114
-66
-71
-51
-50
-184
130
-246
53
129
-90
102
-111
54
-60
87
121
-68
-174
52
67
53
-413
-51
180
-53
69
108
67
-66
-56
-493
61
72
-56
63
61
-237
50
-153
-51
-129
-82
84
132
53
-236
118
92
-255
68
144
85
146
52
59
63
109
-56
-137
-91
-173
-234
145
111
-96
-282
71
64
79
-104
50
-150
-261
127
87
-78
-68
-106
66
-59
50
-207
-274
-75
53
-82
-58
-282
-108
-73
99
56
57
-253
-74
72
74
117
-259
-476
63
-79
-79
-259
59
-108
-56
63
-78
-102
-244
-245
60
107
-71
95
65
96
-50
-150
111
85
126
57
-52
-80
-53
-87
-192
68
108
137
155
-211
114
144
81
-222
100
-92
-58
-337
-71
-52
77
-307
82
104
-54
60
98
-240
86
88
69
76
118
-171
-108
75
-64
106
-113
149
72
-89
67
-196
56
66
135
-181
106
-239
-90
-62
54
-61
-181
103
73
71
65
-142
-311
58
-273
-75
63
55
83
79
55
171
-64
-68
-374
-246
-220
-192
156
77
59
72
66
57
117
50
-241
-263
58
-261
-100
94
125
89
72
63
71
55
-382
52
150
52
-113
-50
-267
68
66
58
-118
50
60
-54
62
-139
-107
-78
116
-208
-72
-51
70
-54
-93
-50
56
-50
83
-158
140
113
-156
-81
-57
-128
-80
64
60
-103
-97
-90
-68
60
67
-81
100
51
-59
144
-60
-308
-65
75
-91
-51
-64
-451
132
-246
-52
-92
-50
-214
130
-92
-70
-50
-62
55
-92
-83
-150
63
-287
196
117
-92
55
-324
-98
-65
76
-56
-57
-53
-82
98
-51
-92
-280
-159
-54
108
-90
-68
-68
-71
-56
106
-74
-164
-151
110
-83
-57
77
-95
55
-59
-328
-70
-161
-109
-55
63
57
114
147
-173
108
-116
-123
-229
80
-252
87
52
-59
-91
-178
-112
-87
97
-115
-66
-84
57
-51
-109
65
121
-152
-51
92
-198
89
52
85
-115
-320
-119
-244
109
101
64
-305
121
52
-56
134
-67
-73
128
-115
-148
50
-134
-74
-60
135
135
62
89
60
76
-135
78
-60
61
-74
52
50
109
-164
136
53
-98
-51
80
-50
-156
99
-294
-151
83
84
-50
-152
-52
-257
165
-149
102
129
-678
-232
-56
173
-219
108
-331
95
58
161
50
64
122
111
-51
-67
75
60
50
74
53
88
-52
-50
50
63
-55
91
64
-55
57
-179
117
-52
-196
63
-523
71
55
62
148
-50
101
-62
-51
137
63
50
65
59
-183
-76
-61
60
60
57
-100
-240
-198
-352
-94
76
60
124
81
-61
77
110
94
97
106
197
51
-128
116
157
93
81
86
167
86
85
88
51
71
-56
-128
-63
-239
-81
78
-161
132
-177
50
-95
138
-186
57
-212
-60
-105
50
69
149
-151
54
-406
-73
156
70
54
-540
83
52
-81
65
-56
83
-54
-93
54
-95
82
154
-51
-139
-377
-59
-65
-249
61
111
72
57
96
54
58
-676
56
-82
89
89
50
65
57
-79
55
157
-80
124
140
-241
-254
101
112
72
83
60
131
93
113
72
-55
-145
59
-87
84
66
-52
-210
-79
78
59
61
76
-70
125
-318
-298
-63
-74
54
-345
65
105
156
66
-206
78
-107
-78
-257
-113
51
51
-80
67
102
-54
52
95
50
-142
134
-326
-54
51
-250
-62
64
-57
-109
76
-88
80
-59
-105
-62
128
124
56
-52
112
-242
50
66
-331
53
92
-60
114
-94
-250
51
93
-55
135
-86
-68
-162
50
-52
-155
71
68
52
113
-172
-105
-80
84
-50
82
54
-99
-130
58
-101
-98
95
-116
70
231
-242
55
115
64
-206
-230
-51
-215
153
-236
56
72
-254
-60
115
-52
-280
56
-243
95
-318
-55
-325
-316
-243
-75
-54
-65
-343
-200
54
77
63
-338
-50
52
-55
58
120
133
-283
158
171
-154
-67
53
-54
81
-192
59
-56
-67
-123
-249
56
51
-296
100
72
82
52
-102
-340
163
-202
53
92
62
65
-228
56
61
61
107
-89
-56
-82
-188
-256
66
87
-80
-321
-50
59
107
110
120
56
56
-57
88
53
-273
84
70
108
-80
-392
-55
-106
-60
-108
-99
-370
-65
103
-51
-175
52
138
-50
-288
-86
-218
183
-72
85
-79
50
166
168
79
-90
85
83
73
59
-252
172
-274
57
117
103
-191
-108
-350
132
148
64
84
64
-51
-414
127
-152
53
-52
60
134
91
176
-309
-256
-54
98
209
-58
-110
-171
-113
209
59
92
-62
-67
52
-125
53
-177
-82
56
-96
-52
127
-93
135
-50
-67
82
178
-189
-67
-54
69
65
-62
-98
115
-80
-293
-507
95
74
-123
-92
-95
121
-81
119
-398
-133
-160
93
-83
153
-117
-59
57
-54
113
-50
-199
63
115
54
-70
-180
53
-233
55
64
-126
-208
69
-577
-73
-54
-77
-66
-114
-152
-79
-229
107
-50
-113
57
59
-58
-254
-299
-68
52
77
-160
-51
-58
-78
-211
-145
-56
-50
-90
75
152
150
55
-69
-79
141
53
-142
74
76
155
60
201
76
-104
64
63
68
83
103
88
128
-51
-65
53
-80
-148
-87
54
-156
56
-71
127
-88
143
75
96
-96
-146
-102
-50
-58
76
-180
98
80
73
116
-80
60
-257
-71
122
-86
-78
133
152
-50
-126
64
-186
74
139
-519
-100
-169
152
153
71
-140
56
-89
81
-107
55
-99
89
128
125
58
-52
62
-61
-55
-126
94
-144
129
-109
-148
52
-118
80
-70
-72
56
-123
87
60
-75
-80
54
-69
109
-98
98
-94
96
130
-85
-57
67
-239
-62
56
52
115
-182
68
-62
-190
50
64
74
-142
-93
-55
-116
-383
119
90
-102
57
77
-285
51
-144
95
-83
72
-78
65
103
-405
-181
94
-140
90
-546
-198
-254
-225
85
123
-183
-58
-202
-58
-257
59
-176
-107
106
105
-106
55
60
-84
72
127
98
51
70
58
-188
159
134
-255
-50
-67
51
-180
70
-165
152
68
-69
-50
-53
-53
-58
-115
-61
-89
57
-172
-177
-86
85
-405
130
50
-179
55
71
-128
-99
54
51
51
-56
-68
-53
-91
59
-80
-174
104
-99
65
53
77
-184
87
84
-51
104
-350
68
82
67
63
54
151
-50
154
55
64
65
100
-60
-69
-152
-126
-50
118
68
-91
-578
110
-245
-118
-137
-106
75
83
-132
-52
-94
59
92
94
139
56
-157
53
-59
-400
65
53
120
58
-52
-58
-302
-57
65
89
-50
82
63
-56
-63
-119
94
86
54
68
-84
77
-103
-80
80
66
-127
59
-280
87
57
57
71
-54
52
-75
-55
130
-176
51
57
50
-54
73
-259
50
-203
-123
-73
71
-90
-70
-242
-247
51
113
-184
-93
-123
119
-68
69
57
161
-76
62
66
64
-293
73
-64
52
-170
59
-239
-84
-102
56
54
-226
-87
-181
68
88
-120
-56
-240
55
-139
-50
-107
-72
-58
110
52
-80
-56
-141
55
-96
-243
-171
-246
62
53
-142
52
51
69
-75
159
-303
-127
130
50
-524
53
124
97
-130
-123
-89
-87
62
-218
84
-151
72
-204
-220
72
121
-77
78
80
55
-400
-310
-400
64
-224
98
79
58
-241
-134
-52
54
-64
-71
-190
222
-245
-291
94
61
137
94
-62
-84
-159
59
-143
66
-53
56
101
115
51
72
-80
68
-285
-54
90
-374
-91
198
-79
104
173
-129
-170
52
-97
-270
-51
-106
-52
99
-100
-51
88
85
-244
-91
114
-241
-256
-68
-178
-62
-745
-84
-56
-153
-50
-331
-68
-177
55
-255
81
-77
-448
50
-243
57
98
63
-93
-75
-74
-152
-150
90
-52
135
-51
72
51
90
-91
-242
65
63
151
-62
110
-137
90
55
-276
-61
-109
-53
-72
67
-72
86
69
-351
-248
-70
-71
62
104
64
-79
137
-238
70
52
-84
150
63
-658
179
54
-57
-101
110
77
51
-57
107
104
64
-52
106
65
126
-166
-60
74
-172
-262
-294
75
59
187
274
51
-80
-109
-52
-58
86
-669
-596
64
57
-215
-234
-67
-95
142
55
171
52
-389
96
-52
-162
-91
56
58
-105
86
145
133
-497
135
146
88
104
-331
-209
-78
93
154
-137
-248
-56
-236
-221
89
-269
62
63
-72
-102
50
52
-90
-80
132
-219
-166
64
78
72
-54
92
59
65
112
69
82
121
-255
52
60
-104
-60
-265
-319
-250
-97
136
-107
74
-65
-102
73
55
129
-304
67
75
152
-73
53
51
-167
-90
-59
64
-193
-132
-69
-81
50
-184
60
128
88
-244
-155
59
75
126
-253
72
75
-282
83
61
56
137
58
-50
61
-164
53
-61
-256
-97
91
66
73
-56
174
100
119
-62
73
-182
51
52
128
133
-246
-80
-250
-61
55
-54
-155
-136
52
120
64
69
-244
-151
-80
62
80
167
-64
109
-112
-95
120
90
95
54
69
82
111
51
-128
92
-51
-81
-138
-214
-63
-110
-59
-124
85
-97
-243
108
103
-144
98
103
199
-65
136
-73
124
-94
-67
75
-78
137
72
-242
-54
57
105
56
74
78
70
-248
-57
115
-247
-56
58
-325
61
-173
87
-63
-84
-85
-64
64
64
-186
81
72
75
82
55
-101
-281
-56
133
77
-246
78
-52
87
65
57
57
-56
-114
-220
89
-111
-147
-52
56
56
155
68
87
-261
189
100
-55
55
83
-58
141
-165
52
100
-124
67
-247
-58
-195
-155
85
152
-258
-271
-60
-52
141
-54
-81
76
-110
-67
-98
136
-60
86
153
-54
-120
-176
-156
61
114
51
136
99
-94
101
54
-147
66
66
-344
76
57
101
-55
57
72
60
-250
-81
81
55
-59
57
112
-92
134
50
-255
116
-318
59
96
-69
-58
-73
68
90
-321
-260
115
66
-179
-189
-52
68
-76
52
93
63
70
-54
58
-162
-177
168
-62
56
-90
55
94
-192
-113
-109
-83
53
62
76
-54
-502
-447
-144
65
-122
-67
-52
-104
-60
-251
-183
55
-90
-211
-168
67
-268
-53
176
-78
107
-96
87
-216
-165
-165
-229
