-299
-95
-92
-230
-59
-57
-230
-184
-111
-51
-263
-181
-251
-59
-60
62
-505
-85
-88
-130
-154
-397
-110
-81
-73
-66
52
-233
-137
-294
-190
-61
-66
-82
-99
-86
-107
-350
-624
-828
-143
-64
-208
-65
-217
-114
77
-272
-290
149
-74
-149
-108
-160
416
-99
-55
-103
-278
139
92
-123
54
102
-109
64
-73
-76
53
165
-160
-340
-126
-149
-51
-279
141
-117
-56
-76
-280
163
60
79
-150
130
-61
58
111
-65
-241
-154
54
100
59
182
-83
55
146
84
-161
-63
-154
-157
-179
-339
58
-244
-99
-50
-344
148
88
135
51
-243
51
-150
-144
65
66
-155
88
91
-60
-248
56
-154
85
-256
102
-194
-77
-151
-56
-117
61
-242
71
-58
-239
-80
-347
50
120
97
53
-72
51
-357
-75
-98
-167
-442
-63
-482
-946
-237
-133
56
-68
-129
-205
-79
69
-74
-120
-237
-275
-173
-59
-348
103
-120
-97
-246
-63
-261
-50
-125
159
69
-64
78
-351
-104
59
-92
-63
-66
-220
144
-55
107
-81
67
-255
168
-97
139
-75
-592
112
53
113
-79
-67
-56
-165
-240
60
57
168
-53
-243
-375
-155
79
128
-152
66
66
-55
-250
-253
-295
-249
106
119
83
-187
57
64
74
109
-317
-188
122
-50
-91
-57
94
67
-247
85
-56
66
-528
152
170
57
-240
-363
-52
-72
54
71
-185
-454
125
-64
-343
-564
-57
-58
-245
85
56
-189
97
82
198
108
75
-258
-152
-54
99
55
75
72
56
-53
54
-56
-115
172
61
-57
132
-124
-66
51
-256
-158
-259
52
122
-210
75
133
-72
-89
55
66
-287
60
-134
-249
146
59
-74
-119
138
-111
102
-92
104
58
72
-258
164
70
72
70
-56
102
-95
-152
-132
-53
-76
107
-201
-144
50
-640
-230
-181
-62
-105
-129
-90
-59
-444
-157
54
-261
110
61
-131
-54
-74
-145
-136
-72
-50
-53
-70
62
-51
141
86
-102
-457
-98
143
-278
51
-221
-135
-64
-82
-397
113
107
-205
-96
140
-244
93
-50
-201
-80
79
-175
80
-73
55
-59
71
86
98
90
130
-60
-121
112
-246
91
-89
97
71
-225
62
83
71
-265
-257
96
-386
50
-114
-58
-106
126
-58
-80
-104
105
53
69
58
-98
61
114
62
60
-85
-51
59
-342
-190
-240
91
-244
102
78
50
-64
-109
-381
121
59
75
106
-73
-128
-52
53
78
-50
-115
51
-173
172
50
81
69
119
138
134
81
62
55
102
-314
-205
97
54
57
-51
103
-52
80
-160
-76
-79
-200
-83
87
109
-224
-56
87
-88
-87
50
104
51
99
-129
-197
64
-119
54
54
-69
-203
58
-74
-239
-252
-146
116
-129
77
160
-291
73
-90
-285
56
-289
-64
-151
69
78
-115
114
134
54
157
-305
50
53
86
55
-60
-335
55
-152
89
-252
74
-76
68
77
68
-389
138
69
56
-176
-82
-93
-267
60
-55
58
-87
-59
-100
-176
-308
-293
-218
-53
-50
-52
-189
-482
-71
-214
-68
-105
-81
-342
-121
62
95
55
211
-178
-204
-236
-269
97
116
-173
-64
167
52
184
-115
-219
-153
-168
51
-99
-78
-414
-135
-159
-325
64
-544
95
63
-103
-55
-87
-399
-368
-247
-83
-60
-78
-58
-61
-97
69
152
138
-147
-52
61
-129
-132
157
-114
56
-164
-54
54
-60
127
-158
-66
68
66
135
113
100
-51
-61
-121
58
-54
112
-108
81
-139
59
-331
112
-139
61
182
-101
-181
-62
-238
64
-324
-225
-240
-52
-234
119
-61
121
-64
51
-262
-79
-167
51
120
91
92
97
-490
104
51
-175
-249
-407
-90
-52
-307
-51
-59
-300
-60
166
-57
96
70
-228
-159
61
131
99
-51
-193
-241
99
123
52
105
111
100
-50
90
162
91
-263
119
-50
61
-368
88
-50
-331
59
149
50
-305
-341
-169
-116
66
-171
-151
96
51
-52
-50
104
109
-337
70
58
91
73
-142
97
-250
-54
-142
-209
-388
55
-246
70
-488
-240
-380
50
139
-255
90
102
-245
62
83
87
-66
-59
-58
58
-93
-53
60
-252
-52
-368
-76
57
170
142
81
121
-191
66
-55
51
-141
51
-206
54
59
144
-243
-65
-162
75
101
-56
-314
103
51
-58
105
77
55
80
173
-97
-72
-102
119
126
-124
-226
51
-94
76
70
55
100
93
145
-72
-270
102
-94
-71
-50
-52
-94
67
69
-51
73
-172
62
55
-52
-117
154
-80
-73
-67
-119
140
-120
130
-168
54
-72
51
-157
-185
-511
-197
-202
70
-51
-140
-67
-88
57
-93
-89
235
-100
-294
-61
-347
62
-91
-56
-358
-218
-69
140
67
94
50
185
80
62
114
94
-445
169
-277
-242
125
-192
-103
-103
-243
58
-242
91
151
-514
-165
91
64
162
60
71
-86
-168
93
-248
117
82
106
108
-63
188
-120
58
-58
125
-62
75
-325
94
89
-168
70
61
57
77
74
-247
53
-185
-246
64
-413
-105
-52
102
71
-390
-213
188
121
-118
168
177
-484
-321
-76
-132
88
61
163
68
52
-246
76
68
-58
-187
73
-54
-90
-114
90
-61
-137
-60
96
-82
-69
-64
-364
57
-323
90
89
53
-59
-354
-83
-187
-246
-247
-89
-77
-481
-59
-241
-79
-134
-68
-191
-63
-70
72
-61
55
-123
74
-96
-79
-96
-90
-86
96
-69
51
-109
-108
-150
-212
-119
-70
-79
-191
-64
-648
-260
-194
-193
-55
-61
-290
121
-61
-83
-64
96
-52
54
50
-66
77
54
-331
-143
-253
50
77
66
50
-150
-317
-401
58
-52
104
-217
56
84
125
-398
-64
58
-360
-56
194
60
-133
-239
-257
56
-51
-76
-51
52
64
-245
205
-76
70
-54
62
65
-55
-78
144
-127
-122
-167
126
-63
54
-571
92
123
98
82
132
-232
-140
-147
-252
60
-53
-260
-152
58
67
74
64
-57
-249
-185
-244
-112
-288
-218
-54
107
72
80
-185
-284
-95
67
62
-101
-162
67
-56
101
-134
-309
56
128
-311
-52
-238
-392
78
-244
-296
61
-96
-108
102
56
110
72
102
83
-53
-389
-268
-158
-66
-317
133
136
55
-115
92
-134
-97
91
-105
-372
109
116
-431
-55
-56
-136
-100
-65
-459
-261
50
-55
-84
90
150
102
78
70
88
-50
-76
-129
-53
144
58
110
-55
54
186
-172
-314
-267
57
95
-205
-334
91
-97
149
-84
-298
-54
93
105
-81
-281
51
-268
-67
106
-79
-81
55
51
-191
-52
123
-242
102
51
83
65
-89
75
-127
-84
76
68
63
-54
83
-244
123
-147
-158
-101
68
92
124
151
68
-261
101
-54
68
-108
-152
85
60
130
70
-279
52
59
80
79
-55
-77
67
55
-85
53
-51
-50
-454
61
95
-79
107
57
61
-643
-74
-290
-211
-157
103
-238
81
-103
-61
143
63
-182
64
71
59
-126
-239
-51
-256
-127
-137
107
75
67
67
56
-82
101
-75
62
134
117
-308
-55
-163
-98
-53
-247
-67
-114
98
51
98
-80
-202
-305
113
-219
-242
89
-51
56
-50
99
52
104
-126
52
95
190
75
-56
-54
-81
-61
79
72
53
-52
53
50
109
-206
-91
-61
118
-248
-69
-69
-56
-315
-133
-328
-258
149
55
103
85
95
54
121
113
-567
-201
87
62
117
-164
-406
-171
-240
59
-300
98
-178
-57
-134
-76
90
-133
100
60
-58
-73
-131
59
97
-104
-268
-52
114
-387
81
206
-265
-77
139
72
75
156
-50
-123
-130
-50
84
140
-75
126
209
-108
-184
-165
-534
-59
261
-69
128
-278
-417
-408
-221
-141
59
57
-62
79
-313
113
-55
169
-245
-251
-50
113
-51
-289
104
98
130
-245
77
144
-62
315
-50
-414
-305
81
-93
-141
59
-77
51
60
-59
-60
-55
75
86
99
-349
74
-252
-251
-125
-80
-316
-133
-55
-261
91
166
57
57
144
61
109
84
80
59
-248
88
-194
97
-253
-105
-58
-61
50
90
-132
67
-97
67
166
-241
60
-249
-445
-51
183
-344
-203
-50
68
61
-244
51
-81
-80
67
-83
-335
-125
66
-242
-88
161
83
-177
-53
81
112
-258
-63
-311
168
114
-201
80
-152
81
111
-396
-129
-144
89
-238
58
52
-136
-248
-341
91
-57
-293
115
-167
69
-351
90
-62
-123
105
-241
56
-64
94
-122
-208
-64
54
-121
-354
-119
-108
-143
-179
-100
129
-248
-75
-69
94
62
-135
-73
76
-151
-59
61
-55
-244
-247
-321
97
-55
56
-138
-52
57
-57
86
120
55
126
-131
54
55
-149
-65
60
-159
-247
53
90
102
52
-88
-254
-89
50
-54
50
97
174
116
114
87
58
89
72
-87
-84
76
84
114
61
196
51
-68
143
193
-149
69
169
127
166
153
-116
-62
-286
-168
145
-320
-115
62
160
-198
-148
-185
-256
-71
-242
52
59
75
181
-72
60
152
-53
-53
-74
-240
108
91
132
71
-69
-68
-339
61
-56
-356
-353
-55
-84
-80
-54
-57
-151
88
90
84
-208
-133
-242
80
52
-96
-396
-93
-161
89
-149
175
-160
-54
-194
-86
-142
-420
-140
-241
-208
-187
-97
-52
-112
-72
-93
-82
-130
50
246
188
-94
-193
-125
87
-79
-69
-149
50
-59
-260
-117
-222
-91
-132
-215
-131
-92
50
-52
66
-155
-50
-265
-100
72
-160
64
-279
-170
-89
128
69
-129
-104
-60
59
-52
-93
-85
-244
-80
-226
-106
-311
-398
-73
59
96
-58
61
-152
-103
67
74
-58
86
145
176
69
-133
-575
155
55
59
88
-442
65
-102
-55
164
193
-62
52
126
57
139
100
-64
-263
-60
-241
63
-263
-50
242
-105
142
61
77
-264
-257
116
109
80
-54
-212
-62
-50
109
-140
87
122
-280
50
-145
99
64
-60
80
73
-404
68
120
133
-73
-106
76
57
-235
60
-50
105
-70
165
-60
68
-129
-102
-441
62
-283
-150
-102
-90
-268
-157
90
-326
-93
-470
-60
-50
-61
-187
-96
-199
-76
-510
50
-425
-120
70
-84
-170
50
-338
-106
-71
-345
99
-66
-101
-142
-171
-496
51
-128
84
-215
-112
-190
-101
-158
82
-69
-223
-53
118
-112
-79
77
-100
-131
-315
94
61
-52
56
67
-64
55
-241
53
61
-489
-60
-348
94
169
-362
52
-367
117
72
57
79
-96
-360
88
112
-174
-229
-188
73
168
-611
-263
52
58
-78
57
-57
102
-120
79
90
61
87
-95
107
109
128
51
135
84
64
111
107
-56
94
-51
75
142
-307
161
-256
62
-244
54
-54
84
-168
105
-239
81
106
-240
133
-53
177
99
-75
108
123
-122
51
181
207
76
-246
94
-63
166
-138
-213
-259
154
56
77
-241
76
146
107
54
63
-89
-55
128
-190
-129
-320
-61
-50
-142
-75
-478
-224
-316
-56
70
96
91
101
54
-53
-57
95
-133
-98
-269
-79
-419
-95
84
-52
57
118
-134
-84
-372
-152
60
-455
-54
-73
-247
-253
55
-60
123
78
187
67
70
61
122
52
-114
-192
51
77
96
66
57
103
-65
-207
123
76
-380
-68
51
95
-50
-121
97
-56
107
169
-241
-272
61
121
182
66
-54
-312
75
-70
-311
123
-99
76
-288
117
-58
68
-81
152
56
-354
57
80
-96
104
-50
66
-92
-297
-102
89
70
94
73
139
-78
-50
139
110
-507
343
94
-55
-257
-50
-239
86
-52
-88
-60
86
-54
-101
60
106
73
-342
-64
-84
70
78
-257
63
50
62
186
86
147
68
-104
70
93
-95
-65
-90
169
77
69
-204
266
-91
60
72
109
-54
-73
-121
-625
-104
-85
-159
-68
-53
64
77
-264
-142
-66
-103
-68
102
-179
-517
-122
-106
100
-130
-309
-54
-787
-156
146
-127
122
-62
-55
-66
-118
-119
-59
78
-84
-186
52
-94
-75
54
-123
-288
100
121
-66
97
77
54
-191
-190
-63
-102
65
-319
-102
-220
139
-248
86
64
-256
-160
-82
-218
-139
93
-66
92
-271
-100
-52
-80
-59
52
59
159
54
52
-242
-211
-102
113
-255
-51
-267
94
85
-110
-57
-223
-90
92
84
-264
59
53
-67
-203
-156
-141
-55
-118
78
-63
-163
-74
-59
-84
51
-56
-246
63
-67
50
94
139
86
63
85
183
124
121
-319
-187
-106
-239
-71
88
-67
-68
-86
-197
-62
55
58
-129
-190
-169
-143
-62
-250
-91
-54
51
138
123
-169
-268
91
178
64
50
-334
91
-53
-74
66
-254
-561
54
-62
-266
-96
64
120
97
-153
64
53
146
-578
61
51
153
148
57
77
106
-248
-102
51
56
60
190
92
70
-150
53
-290
-207
197
-57
167
114
108
112
-110
64
87
-68
77
-145
177
131
-569
-290
118
160
-176
-60
94
-233
85
-59
58
-101
-53
85
122
-62
135
109
-111
168
-242
-64
84
-427
65
-241
-271
86
54
67
94
-68
-50
-147
172
-58
-112
-51
-149
-210
58
-119
-63
105
-111
-156
-74
-218
-227
51
63
75
-55
-63
-160
-68
-164
59
51
-72
-68
76
170
75
123
-61
84
66
-133
-50
-60
72
146
-61
92
-70
126
78
50
-250
55
152
52
176
55
-106
112
109
142
103
62
-246
131
-127
69
-207
114
-57
70
-75
56
106
137
-69
86
54
-170
-314
-174
78
123
118
56
-253
93
120
58
-412
-66
-63
-78
-308
-169
-58
-63
-73
162
57
80
-236
54
-151
-123
54
72
-86
-594
-50
-159
97
-195
150
-368
74
-51
-158
-50
97
52
-141
89
-84
-52
-59
-383
-75
-68
141
59
69
-62
-126
95
-193
-51
173
96
72
141
-80
104
-297
61
-197
50
-86
113
95
60
52
-60
134
159
154
63
-451
71
-242
125
-60
90
66
-295
60
87
54
-71
72
-55
85
-359
-66
-50
-375
91
-79
-358
-343
-252
88
-243
52
83
-98
90
-54
69
-241
95
-64
53
-321
88
83
-76
94
147
161
54
82
99
62
67
-52
-200
57
-318
-164
-84
-68
162
-62
135
-276
-301
-190
129
-54
58
54
81
-249
-237
-108
63
-463
-64
-172
-76
-313
-63
58
-71
-50
53
-110
180
52
132
-62
-253
-270
-162
-55
-134
-227
-59
51
-54
-229
-119
-67
116
-548
-68
111
55
-50
-55
-162
121
135
95
-57
-135
138
193
183
-246
64
-194
158
-68
-532
-51
-253
86
74
79
119
59
-316
105
57
60
91
-261
-86
-120
-190
-237
186
-290
74
-247
-56
69
-66
-54
53
55
-67
51
-95
51
134
-82
-243
-245
-55
113
109
80
-57
-62
-88
-75
-55
151
83
-58
-75
148
57
83
-95
123
-88
73
102
-131
65
53
68
-295
86
56
152
66
-230
124
142
61
-241
67
-51
-101
65
-204
-264
-110
94
-459
-58
-62
-100
-60
-96
-56
56
-81
121
-50
-66
-58
107
-51
-240
58
69
-65
65
-52
-241
127
51
-275
152
125
-57
98
-76
68
59
-61
-236
86
-243
80
-190
175
-80
-117
68
151
-170
-393
92
52
-83
58
107
53
-260
59
62
94
-51
-66
-96
116
-259
-77
87
91
173
80
146
130
53
-75
-263
-138
66
-139
63
68
69
-252
-245
-293
60
104
-53
-280
-56
-378
-82
99
-58
51
-148
67
-140
57
63
68
-501
-54
-161
-68
-92
-138
135
-162
-290
116
-104
-243
-50
136
92
-257
-63
132
58
67
83
-63
55
-394
131
-55
-99
-55
50
59
-120
64
57
-73
74
54
-68
-165
98
-421
68
114
-142
56
-88
130
-53
-223
62
55
-51
180
69
157
-361
-207
168
61
-228
-94
118
-247
85
-249
52
75
-199
63
-52
106
-102
-96
-173
-56
66
-53
63
-127
106
-115
106
-145
-609
68
-225
-240
137
-156
81
-177
-558
135
70
71
77
66
-98
-50
-83
-172
90
64
-51
150
-164
-146
-146
-91
168
83
62
-154
-123
67
99
52
84
-51
-188
72
-92
55
-102
190
-61
-131
-100
-136
-406
-79
63
57
130
67
-135
-194
-244
109
64
-305
-70
-371
52
130
52
53
-93
-125
80
56
165
61
-250
123
108
-211
161
-54
63
190
56
117
-83
63
55
72
-162
148
-69
-50
137
-51
-56
-82
106
-240
93
86
51
71
-263
-108
-406
156
70
154
58
178
55
72
-52
-288
165
76
65
103
81
-257
-79
-245
-64
51
120
200
-68
-68
-246
-55
-64
92
-404
-59
-310
-254
50
84
54
63
-75
-286
-64
168
-122
163
-170
-61
-50
59
181
80
-59
53
112
120
-109
-174
-349
-100
-72
-101
-88
129
-56
73
75
57
-136
54
-54
-80
-65
-85
169
-196
71
-163
-51
-256
-269
61
75
-57
-92
147
-65
74
-76
-169
-107
-129
-222
94
-57
-51
60
98
-91
-292
-67
56
125
52
77
-115
-110
60
103
-405
-60
101
-50
59
-80
-76
-142
87
83
-122
-74
-277
75
126
82
-349
65
63
-55
-97
56
59
-157
-255
115
73
-94
-84
-84
-146
-54
-98
114
-55
110
66
62
-59
-225
-312
-197
-240
-376
-84
-54
-244
-99
-53
71
109
-65
-75
-104
59
66
115
173
-67
79
124
-67
-128
98
-136
-217
-218
-391
-96
59
77
171
-244
-92
-101
58
-267
175
147
90
95
67
-629
-99
132
-250
72
63
-125
-59
-237
-53
65
112
69
-245
-239
79
116
-96
50
52
53
54
60
-578
-90
-67
-77
-252
-237
55
-93
-259
-70
126
72
-311
-161
61
-240
137
-256
58
61
-265
244
-239
-84
108
-52
-96
-127
-157
89
61
69
92
80
109
54
-130
-58
95
-223
108
-107
137
-159
105
-290
58
-63
-71
75
-52
77
-52
99
-249
56
100
55
-88
55
62
-54
152
-55
80
-53
84
-245
-58
-325
159
-77
-58
119
-99
-260
-113
-61
-328
50
-64
66
-111
-337
185
58
-52
-253
62
-188
-451
-162
-253
-55
-127
-298
