NA 0.5876 0.5581 0.8413 0.2636 0.5202 0.1735 0.4863 0.2717 0.6551 0.4724 0.7551 0.3504 0.2977
0.5876 NA 0.2855 0.6257 0.4008 0.2216 0.5703 0.1467 0.4563 0.3885 0.1505 0.529 0.6134 0.4702
0.5581 0.2855 NA 0.5796 0.368 0.2034 0.5378 0.1547 0.4249 0.1488 0.1332 0.4864 0.5741 0.4421
0.8413 0.6257 0.5796 NA 0.6569 0.5667 0.8157 0.5151 0.7056 0.6747 0.5005 0.4088 0.861 0.7241
0.2636 0.4008 0.368 0.6569 NA 0.3204 0.2139 0.2922 0.0237 0.4741 0.2782 0.5726 0.279 0.1068
0.5202 0.2216 0.2034 0.5667 0.3204 NA 0.5025 0.0926 0.3796 0.3246 0.0749 0.468 0.5435 0.3991
0.1735 0.5703 0.5378 0.8157 0.2139 0.5025 NA 0.4663 0.2215 0.6356 0.453 0.7335 0.22 0.255
0.4863 0.1467 0.1547 0.5151 0.2922 0.0926 0.4663 NA 0.3528 0.2725 0.0111 0.4163 0.5114 0.3696
0.2717 0.4563 0.4249 0.7056 0.0237 0.3796 0.2215 0.3528 NA 0.5276 0.3374 0.6238 0.3061 0.1058
0.6551 0.3885 0.1488 0.6747 0.4741 0.3246 0.6356 0.2725 0.5276 NA 0.2528 0.5833 0.6754 0.5436
0.4724 0.1505 0.1332 0.5005 0.2782 0.0749 0.453 0.0111 0.3374 0.2528 NA 0.4009 0.4968 0.3546
0.7551 0.529 0.4864 0.4088 0.5726 0.468 0.7335 0.4163 0.6238 0.5833 0.4009 NA 0.7771 0.6393
0.3504 0.6134 0.5741 0.861 0.279 0.5435 0.22 0.5114 0.3061 0.6754 0.4968 0.7771 NA 0.3238
0.2977 0.4702 0.4421 0.7241 0.1068 0.3991 0.255 0.3696 0.1058 0.5436 0.3546 0.6393 0.3238 NA
