NA 0.50592725216807 0.468283535816917 0.868825210172848 0.206014032355986 0.435958587814489 0.16877095404873 0.393000549323222 0.223630571539419 0.629900915337418 0.371279192785735 0.773787930838268 0.360024637909388 0.282296851668674
0.50592725216807 NA 0.287939151410796 0.545644669437496 0.40468833687122 0.224392968137245 0.513521693057595 0.147521973742901 0.454560764552465 0.376476844270504 0.147338218051527 0.457808436913138 0.524070048616151 0.446052956124346
0.468283535816917 0.287939151410796 NA 0.488646788060391 0.369589378110025 0.205108937895075 0.471695900709309 0.156451153625474 0.417679166125414 0.136960870137795 0.132461216694952 0.407608251937405 0.476068415189957 0.408582842263609
0.868825210172848 0.545644669437496 0.488646788060391 NA 0.58785779112383 0.491909528798282 0.836521402396695 0.427323992269188 0.659802953699117 0.694436659104076 0.393608129273181 0.50190794396121 0.879565803033655 0.760941899353958
0.206014032355986 0.40468833687122 0.369589378110025 0.58785779112383 NA 0.324307140793146 0.1802457548935 0.292913061968322 0.0233780991130114 0.46818302873642 0.270634896399012 0.508860791916567 0.213354813324855 0.0988153129703493
0.435958587814489 0.224392968137245 0.205108937895075 0.491909528798282 0.324307140793146 NA 0.444749139284478 0.0923325389490072 0.3785033396219 0.307530964826315 0.0733844705148545 0.391692788484719 0.45123053582499 0.369488012010349
0.16877095404873 0.513521693057595 0.471695900709309 0.836521402396695 0.1802457548935 0.444749139284478 NA 0.397485593076222 0.19739061301867 0.637685017697425 0.372708956031231 0.7454803645833 0.213381669415666 0.260702714187766
0.393000549323222 0.147521973742901 0.156451153625474 0.427323992269188 0.292913061968322 0.0923325389490072 0.397485593076222 NA 0.344674787867017 0.248558702579678 0.0110420102402457 0.333851899761238 0.410286882099817 0.330455817267345
0.223630571539419 0.454560764552465 0.417679166125414 0.659802953699117 0.0233780991130114 0.3785033396219 0.19739061301867 0.344674787867017 NA 0.534424174124507 0.317083668529708 0.577626955542812 0.247948458121331 0.103730009150651
0.629900915337418 0.376476844270504 0.136960870137795 0.694436659104076 0.46818302873642 0.307530964826315 0.637685017697425 0.248558702579678 0.534424174124507 NA 0.224118306608931 0.550185218042299 0.646373479813922 0.545914424969197
0.371279192785735 0.147338218051527 0.132461216694952 0.393608129273181 0.270634896399012 0.0733844705148545 0.372708956031231 0.0110420102402457 0.317083668529708 0.224118306608931 NA 0.314649994240327 0.38710912846418 0.308728964142839
0.773787930838268 0.457808436913138 0.407608251937405 0.50190794396121 0.508860791916567 0.391692788484719 0.7454803645833 0.333851899761238 0.577626955542812 0.550185218042299 0.314649994240327 NA 0.79993473026755 0.620999810875135
0.360024637909388 0.524070048616151 0.476068415189957 0.879565803033655 0.213354813324855 0.45123053582499 0.213381669415666 0.410286882099817 0.247948458121331 0.646373479813922 0.38710912846418 0.79993473026755 NA 0.305851781042517
0.282296851668674 0.446052956124346 0.408582842263609 0.760941899353958 0.0988153129703493 0.369488012010349 0.260702714187766 0.330455817267345 0.103730009150651 0.545914424969197 0.308728964142839 0.620999810875135 0.305851781042517 NA
